161, 145, 158, 171	
158, 141, 143, 148	
171, 161, 141, 168	
154, 158, 149, 142	
137, 137, 148, 143	
169, 149, 153, 143	
145, 138, 153, 131	
139, 140, 144, 127	
134, 136, 155, 120	
124, 116, 122, 126	
115, 118, 112, 105	
116, 128, 115, 123	
114, 117, 132, 107	
106, 125, 100, 117	
99, 120, 87, 108	
109, 89, 98, 109	
111, 111, 76, 102	
106, 81, 107, 106	
113, 108, 109, 109	
98, 111, 108, 96	
100, 83, 116, 103	
116, 109, 104, 108	
103, 105, 98, 107	
102, 99, 118, 126	
94, 97, 104, 115	
127, 109, 111, 103	
95, 87, 111, 104	
89, 79, 93, 90	
110, 99, 96, 108	
109, 88, 105, 115	
110, 113, 103, 104	
124, 101, 113, 93	
115, 121, 91, 79	
85, 108, 106, 107	
108, 94, 92, 96	
106, 90, 112, 109	
88, 119, 116, 92	
102, 101, 108, 100	
123, 109, 99, 105	
88, 105, 89, 93	
110, 108, 108, 98	
112, 87, 129, 106	
101, 104, 113, 109	
96, 112, 109, 98	
101, 116, 118, 94	
90, 118, 97, 102	
111, 103, 108, 116	
89, 100, 92, 111	
113, 98, 97, 116	
99, 104, 93, 111	
91, 121, 108, 118	
91, 89, 104, 120	
117, 104, 102, 97	
112, 103, 121, 96	
94, 101, 85, 111	
101, 103, 114, 84	
112, 104, 92, 117	
94, 122, 104, 112	
108, 88, 108, 97	
107, 110, 114, 86	
106, 97, 116, 102	
95, 108, 96, 111	
104, 120, 120, 117	
118, 101, 83, 109	
98, 109, 97, 114	
95, 88, 99, 106	
118, 109, 93, 118	
113, 95, 116, 122	
124, 126, 109, 99	
113, 105, 96, 98	
115, 116, 127, 96	
118, 103, 107, 112	
103, 116, 113, 121	
129, 97, 119, 108	
119, 106, 114, 105	
106, 120, 112, 110	
108, 101, 110, 124	
111, 106, 111, 104	
105, 103, 134, 123	
103, 125, 128, 116	
108, 125, 117, 106	
122, 101, 99, 120	
110, 121, 144, 111	
131, 111, 128, 122	
106, 108, 101, 99	
120, 119, 109, 110	
119, 106, 116, 102	
107, 105, 115, 115	
138, 111, 106, 108	
109, 97, 111, 106	
107, 121, 116, 118	
109, 94, 93, 119	
119, 122, 126, 120	
121, 117, 101, 112	
116, 105, 119, 120	
99, 114, 100, 133	
126, 140, 109, 114	
123, 103, 104, 110	
117, 120, 124, 108	
108, 111, 127, 111	
114, 98, 123, 113	
139, 108, 101, 126	
120, 117, 105, 110	
109, 98, 129, 99	
107, 106, 107, 125	
120, 110, 109, 111	
130, 118, 122, 111	
109, 104, 106, 113	
105, 113, 104, 125	
113, 121, 122, 123	
123, 116, 117, 117	
110, 129, 115, 134	
116, 118, 114, 111	
118, 108, 123, 106	
99, 110, 99, 104	
104, 115, 108, 126	
117, 96, 123, 108	
122, 107, 107, 135	
96, 103, 90, 113	
118, 111, 115, 115	
131, 98, 114, 95	
107, 116, 115, 107	
131, 113, 115, 90	
108, 101, 111, 101	
104, 105, 125, 103	
117, 123, 97, 121	
112, 101, 117, 104	
122, 106, 99, 116	
104, 113, 108, 118	
109, 107, 103, 122	
100, 117, 110, 111	
88, 106, 120, 119	
110, 113, 113, 124	
123, 113, 128, 117	
127, 125, 101, 118	
126, 111, 103, 110	
113, 131, 115, 117	
119, 114, 103, 104	
119, 108, 107, 94	
98, 106, 110, 121	
98, 125, 98, 97	
103, 119, 120, 103	
124, 116, 106, 111	
116, 102, 104, 92	
105, 109, 101, 113	
127, 110, 101, 109	
126, 132, 98, 103	
115, 110, 127, 130	
107, 128, 112, 108	
120, 114, 106, 117	
135, 117, 95, 99	
101, 107, 136, 99	
118, 142, 112, 121	
83, 125, 108, 113	
93, 97, 98, 116	
114, 102, 117, 100	
113, 119, 101, 95	
101, 100, 106, 113	
130, 100, 92, 117	
131, 104, 105, 113	
122, 110, 104, 111	
117, 103, 109, 101	
119, 115, 112, 118	
100, 108, 105, 108	
83, 116, 95, 133	
115, 120, 122, 94	
110, 89, 121, 96	
116, 117, 127, 122	
108, 115, 114, 109	
112, 106, 104, 110	
90, 112, 120, 112	
99, 107, 102, 117	
110, 113, 103, 121	
109, 111, 106, 112	
124, 114, 102, 105	
112, 118, 131, 109	
101, 106, 111, 111	
127, 110, 103, 107	
101, 114, 120, 102	
98, 115, 115, 119	
114, 125, 132, 110	
108, 108, 109, 111	
103, 105, 115, 120	
113, 113, 142, 108	
111, 105, 102, 100	
112, 100, 115, 107	
106, 117, 110, 115	
123, 109, 95, 125	
128, 110, 118, 115	
104, 111, 113, 99	
114, 97, 99, 118	
114, 110, 106, 92	
112, 116, 121, 130	
121, 103, 124, 119	
91, 116, 110, 116	
109, 109, 110, 103	
100, 101, 120, 86	
112, 120, 116, 107	
101, 121, 120, 119	
83, 115, 113, 106	
114, 107, 117, 111	
106, 118, 99, 107	
116, 114, 126, 111	
113, 112, 106, 116	
118, 124, 118, 117	
115, 118, 128, 116	
104, 136, 119, 100	
100, 100, 105, 110	
101, 128, 112, 121	
108, 128, 126, 106	
88, 101, 118, 119	
126, 112, 112, 89	
121, 109, 104, 124	
119, 118, 113, 111	
111, 126, 113, 116	
112, 128, 109, 122	
119, 112, 132, 127	
113, 124, 101, 114	
118, 122, 122, 128	
115, 125, 107, 95	
136, 114, 104, 135	
134, 114, 99, 117	
108, 113, 100, 127	
113, 141, 109, 125	
111, 144, 126, 117	
124, 113, 129, 120	
105, 126, 118, 102	
93, 121, 112, 127	
121, 135, 131, 129	
127, 139, 119, 122	
111, 129, 142, 129	
109, 135, 132, 130	
133, 134, 129, 113	
120, 128, 114, 120	
147, 137, 120, 140	
127, 118, 123, 129	
117, 133, 101, 141	
126, 138, 125, 130	
143, 133, 137, 130	
122, 117, 117, 132	
124, 121, 118, 130	
142, 113, 115, 131	
148, 131, 138, 119	
121, 112, 133, 127	
133, 124, 112, 129	
116, 122, 121, 110	
134, 119, 143, 140	
152, 125, 138, 132	
133, 142, 125, 152	
113, 136, 133, 158	
132, 142, 118, 130	
156, 127, 155, 129	
128, 148, 129, 106	
112, 120, 147, 130	
130, 136, 124, 115	
128, 137, 138, 139	
147, 142, 126, 140	
138, 137, 129, 147	
138, 141, 146, 140	
135, 130, 116, 119	
157, 140, 143, 145	
133, 120, 136, 153	
140, 154, 122, 148	
135, 122, 155, 136	
124, 122, 148, 123	
119, 126, 140, 127	
133, 121, 160, 131	
124, 130, 138, 109	
149, 131, 143, 148	
151, 149, 125, 160	
120, 130, 144, 136	
126, 125, 159, 122	
151, 153, 134, 159	
145, 133, 152, 128	
129, 151, 152, 135	
143, 139, 131, 147	
127, 140, 127, 145	
148, 128, 140, 136	
122, 137, 141, 138	
128, 135, 161, 132	
144, 156, 154, 139	
151, 155, 139, 174	
136, 129, 144, 138	
125, 144, 135, 125	
127, 150, 147, 140	
129, 157, 158, 140	
124, 128, 148, 135	
159, 134, 151, 147	
149, 130, 143, 144	
150, 150, 140, 131	
147, 136, 153, 158	
132, 153, 157, 162	
150, 155, 164, 148	
151, 146, 165, 144	
155, 154, 155, 164	
155, 154, 142, 136	
146, 137, 165, 138	
176, 128, 137, 143	
154, 142, 142, 151	
138, 141, 136, 163	
154, 135, 138, 135	
146, 159, 146, 159	
127, 149, 139, 148	
137, 136, 159, 160	
145, 138, 136, 129	
183, 167, 120, 155	
150, 164, 147, 169	
139, 130, 133, 175	
168, 129, 156, 153	
144, 162, 150, 165	
130, 132, 146, 151	
138, 138, 171, 143	
166, 137, 139, 121	
123, 175, 154, 148	
148, 129, 157, 141	
131, 162, 136, 159	
168, 157, 171, 148	
137, 182, 162, 151	
115, 142, 160, 140	
140, 142, 178, 166	
154, 162, 140, 187	
146, 151, 167, 164	
139, 144, 155, 158	
148, 133, 158, 160	
148, 152, 148, 141	
170, 146, 157, 155	
151, 154, 166, 165	
161, 153, 177, 172	
155, 174, 153, 154	
146, 173, 147, 144	
149, 162, 157, 161	
140, 149, 171, 140	
168, 136, 131, 155	
150, 132, 146, 148	
167, 149, 169, 164	
156, 140, 159, 149	
153, 166, 173, 161	
160, 164, 154, 156	
145, 167, 154, 161	
173, 171, 177, 147	
140, 135, 133, 156	
155, 178, 139, 169	
177, 159, 169, 172	
186, 173, 158, 149	
155, 163, 154, 177	
177, 171, 154, 170	
153, 173, 177, 156	
160, 165, 151, 165	
173, 159, 161, 153	
171, 151, 175, 173	
143, 166, 154, 145	
150, 171, 182, 168	
159, 166, 139, 155	
167, 182, 166, 150	
150, 161, 159, 143	
153, 164, 186, 170	
182, 166, 177, 162	
157, 156, 164, 152	
168, 170, 146, 150	
142, 140, 148, 128	
190, 153, 150, 158	
166, 151, 163, 185	
136, 144, 170, 160	
171, 176, 164, 167	
160, 148, 178, 152	
164, 167, 147, 147	
156, 157, 147, 163	
159, 146, 169, 146	
153, 169, 165, 181	
176, 155, 169, 162	
149, 173, 185, 163	
169, 141, 161, 174	
169, 161, 162, 160	
155, 170, 166, 159	
144, 153, 165, 174	
164, 161, 173, 157	
184, 174, 170, 145	
184, 168, 164, 163	
177, 161, 162, 174	
177, 177, 162, 159	
154, 180, 154, 150	
186, 147, 158, 150	
155, 175, 169, 156	
157, 159, 156, 171	
134, 171, 147, 184	
172, 172, 150, 176	
170, 158, 183, 162	
168, 165, 172, 188	
150, 176, 184, 170	
166, 194, 154, 151	
155, 172, 179, 181	
200, 159, 181, 190	
150, 171, 180, 139	
165, 147, 181, 153	
181, 150, 169, 180	
160, 168, 164, 169	
191, 140, 172, 182	
165, 155, 188, 153	
161, 178, 158, 177	
170, 171, 157, 153	
124, 160, 163, 145	
178, 151, 188, 177	
154, 144, 151, 173	
158, 163, 147, 167	
154, 182, 167, 147	
177, 152, 143, 148	
162, 146, 137, 156	
168, 144, 181, 155	
158, 146, 165, 156	
175, 156, 157, 175	
150, 169, 175, 185	
178, 135, 176, 156	
138, 162, 159, 159	
144, 166, 168, 139	
178, 160, 150, 143	
146, 178, 140, 151	
159, 156, 155, 144	
150, 145, 164, 162	
162, 154, 181, 144	
143, 146, 155, 151	
148, 160, 153, 138	
148, 152, 150, 146	
179, 151, 166, 156	
140, 156, 155, 159	
147, 171, 141, 159	
150, 140, 157, 145	
158, 146, 149, 134	
159, 169, 142, 140	
176, 153, 169, 163	
130, 154, 151, 164	
163, 165, 158, 151	
182, 128, 154, 133	
173, 139, 164, 153	
143, 140, 158, 157	
158, 170, 155, 163	
145, 163, 151, 152	
160, 154, 144, 158	
153, 169, 137, 131	
148, 151, 132, 156	
167, 163, 159, 140	
140, 159, 170, 156	
149, 139, 147, 148	
128, 149, 131, 158	
125, 142, 148, 121	
139, 146, 141, 168	
125, 151, 128, 142	
138, 137, 137, 131	
144, 154, 137, 162	
151, 157, 158, 129	
155, 163, 157, 168	
160, 147, 140, 157	
138, 141, 142, 128	
133, 127, 132, 124	
130, 137, 136, 131	
166, 167, 145, 122	
122, 149, 150, 142	
159, 146, 121, 146	
127, 132, 147, 161	
130, 133, 122, 130	
133, 130, 112, 110	
115, 149, 129, 147	
135, 100, 144, 140	
142, 145, 121, 127	
149, 132, 142, 135	
140, 133, 141, 128	
120, 142, 132, 138	
147, 137, 161, 144	
136, 153, 122, 131	
138, 121, 123, 132	
161, 150, 137, 153	
137, 125, 128, 149	
113, 137, 119, 129	
120, 127, 128, 130	
128, 140, 132, 145	
128, 125, 140, 137	
143, 114, 131, 135	
133, 132, 125, 118	
124, 132, 133, 125	
127, 154, 113, 127	
141, 127, 120, 131	
134, 109, 116, 117	
128, 118, 107, 120	
131, 109, 103, 125	
137, 131, 105, 128	
126, 121, 135, 109	
119, 108, 131, 135	
135, 131, 130, 118	
107, 98, 107, 93	
125, 131, 110, 115	
120, 114, 129, 100	
121, 117, 102, 131	
94, 121, 88, 107	
120, 120, 127, 116	
119, 112, 115, 107	
121, 115, 113, 114	
122, 117, 110, 134	
130, 112, 95, 113	
107, 125, 138, 112	
113, 99, 100, 118	
89, 122, 115, 114	
107, 112, 113, 117	
108, 120, 94, 110	
119, 112, 130, 92	
118, 101, 117, 114	
93, 116, 122, 120	
122, 122, 121, 108	
131, 128, 113, 106	
129, 94, 99, 92	
107, 114, 100, 127	
106, 101, 129, 109	
91, 100, 97, 98	
130, 95, 112, 100	
112, 107, 111, 114	
103, 106, 101, 119	
109, 97, 110, 108	
97, 91, 108, 111	
110, 114, 122, 99	
128, 109, 96, 111	
117, 117, 95, 108	
109, 80, 92, 99	
117, 101, 103, 119	
111, 88, 98, 94	
115, 100, 99, 80	
104, 102, 108, 97	
94, 105, 105, 91	
113, 110, 116, 99	
92, 108, 111, 100	
120, 94, 112, 110	
86, 109, 90, 109	
103, 113, 119, 116	
97, 111, 108, 93	
95, 100, 103, 85	
98, 79, 96, 85	
103, 94, 102, 93	
98, 91, 95, 108	
97, 90, 86, 97	
83, 87, 94, 106	
100, 85, 94, 85	
78, 92, 96, 87	
82, 112, 87, 95	
86, 85, 96, 71	
96, 97, 102, 104	
92, 118, 116, 92	
96, 85, 85, 89	
84, 91, 80, 73	
102, 89, 104, 91	
99, 93, 105, 92	
85, 87, 90, 99	
100, 106, 94, 87	
82, 86, 110, 75	
98, 87, 98, 104	
89, 89, 90, 101	
75, 101, 83, 92	
97, 94, 84, 81	
102, 85, 81, 94	
94, 95, 93, 106	
90, 88, 77, 73	
90, 86, 93, 103	
87, 108, 83, 81	
85, 78, 84, 85	
82, 86, 99, 104	
103, 98, 83, 89	
81, 102, 76, 81	
83, 96, 81, 96	
81, 87, 94, 94	
81, 81, 100, 83	
73, 82, 90, 79	
83, 69, 80, 76	
71, 102, 102, 89	
73, 89, 84, 90	
97, 82, 80, 86	
87, 84, 77, 88	
90, 84, 80, 65	
83, 74, 81, 72	
96, 84, 89, 79	
78, 85, 82, 82	
95, 83, 91, 75	
68, 88, 78, 73	
93, 92, 59, 90	
82, 90, 75, 82	
68, 82, 98, 69	
83, 69, 84, 70	
75, 78, 96, 77	
71, 71, 72, 93	
84, 83, 67, 81	
71, 74, 78, 81	
76, 88, 71, 99	
90, 73, 66, 94	
68, 88, 72, 85	
62, 81, 89, 76	
106, 93, 77, 63	
61, 82, 46, 64	
72, 72, 85, 76	
68, 77, 91, 67	
83, 72, 75, 65	
63, 91, 80, 76	
84, 58, 73, 85	
75, 97, 84, 76	
65, 62, 79, 82	
81, 67, 76, 76	
68, 72, 78, 67	
68, 81, 72, 60	
63, 75, 83, 71	
72, 64, 82, 72	
59, 66, 70, 77	
66, 56, 64, 65	
71, 70, 61, 72	
65, 59, 74, 66	
83, 78, 64, 70	
78, 79, 87, 84	
64, 80, 84, 89	
56, 76, 59, 62	
69, 63, 75, 75	
66, 82, 70, 84	
72, 89, 91, 70	
59, 68, 79, 70	
81, 81, 69, 48	
63, 62, 73, 77	
74, 61, 62, 75	
74, 71, 73, 80	
79, 67, 70, 78	
71, 57, 74, 76	
78, 65, 70, 81	
64, 75, 69, 69	
76, 74, 64, 62	
78, 83, 90, 82	
66, 70, 67, 66	
70, 65, 62, 77	
67, 57, 55, 77	
61, 73, 56, 71	
69, 60, 66, 71	
61, 61, 76, 72	
62, 65, 68, 74	
52, 55, 61, 75	
61, 80, 67, 72	
63, 79, 73, 80	
66, 79, 75, 81	
70, 71, 59, 69	
69, 56, 70, 52	
75, 82, 77, 63	
54, 64, 50, 55	
67, 55, 70, 73	
67, 51, 57, 57	
55, 60, 62, 60	
57, 57, 62, 65	
62, 64, 62, 79	
55, 66, 62, 56	
55, 56, 62, 61	
67, 67, 66, 69	
69, 55, 59, 62	
71, 43, 74, 57	
64, 66, 60, 71	
67, 45, 60, 65	
54, 56, 67, 68	
67, 58, 54, 45	
67, 62, 70, 56	
60, 56, 60, 70	
58, 68, 52, 81	
54, 62, 53, 70	
78, 56, 79, 70	
50, 57, 70, 72	
69, 51, 45, 62	
76, 62, 70, 81	
56, 61, 62, 79	
62, 51, 57, 64	
64, 75, 57, 63	
51, 66, 52, 59	
59, 60, 66, 55	
51, 67, 65, 60	
66, 52, 66, 51	
69, 56, 67, 62	
67, 59, 80, 62	
64, 74, 63, 49	
69, 65, 53, 57	
60, 63, 56, 69	
64, 55, 62, 68	
45, 57, 65, 52	
52, 63, 57, 49	
71, 57, 68, 50	
64, 55, 68, 62	
61, 63, 52, 63	
61, 49, 69, 49	
61, 58, 60, 59	
62, 70, 64, 62	
58, 55, 65, 64	
63, 59, 64, 68	
55, 73, 54, 66	
58, 57, 55, 61	
55, 49, 54, 53	
60, 49, 63, 82	
64, 69, 51, 65	
78, 52, 64, 59	
56, 50, 64, 63	
60, 79, 58, 61	
67, 62, 55, 65	
54, 69, 63, 64	
47, 73, 60, 51	
59, 78, 58, 61	
61, 52, 64, 61	
58, 54, 53, 54	
59, 58, 59, 56	
57, 66, 55, 66	
60, 62, 59, 58	
59, 53, 70, 61	
62, 57, 70, 57	
69, 81, 61, 53	
66, 75, 65, 77	
86, 70, 70, 61	
74, 67, 68, 73	
85, 76, 88, 76	
59, 87, 89, 82	
69, 84, 63, 82	
67, 63, 62, 82	
59, 60, 80, 81	
65, 69, 60, 57	
60, 64, 69, 57	
48, 63, 53, 57	
63, 59, 68, 49	
61, 59, 42, 51	
49, 52, 63, 60	
64, 61, 65, 55	
43, 51, 56, 61	
58, 58, 47, 60	
56, 51, 55, 67	
59, 62, 43, 61	
61, 51, 56, 54	
46, 55, 56, 60	
56, 52, 50, 48	
52, 55, 65, 54	
49, 62, 64, 44	
64, 62, 54, 58	
72, 61, 53, 66	
62, 47, 56, 44	
55, 62, 64, 51	
57, 59, 53, 52	
58, 54, 72, 61	
64, 66, 57, 63	
61, 57, 74, 50	
65, 73, 61, 57	
71, 67, 74, 62	
48, 54, 62, 54	
56, 71, 50, 55	
52, 64, 57, 45	
51, 62, 49, 57	
48, 66, 46, 63	
56, 54, 75, 46	
50, 57, 54, 55	
62, 61, 43, 69	
49, 59, 46, 54	
61, 54, 67, 55	
59, 60, 60, 39	
56, 68, 57, 59	
59, 52, 58, 57	
43, 59, 52, 61	
56, 52, 51, 57	
51, 55, 49, 43	
60, 58, 57, 52	
38, 55, 55, 54	
58, 46, 49, 44	
47, 55, 61, 45	
43, 50, 44, 47	
50, 48, 59, 66	
75, 52, 57, 52	
54, 46, 65, 55	
44, 52, 41, 71	
51, 56, 64, 45	
67, 52, 58, 51	
44, 45, 54, 56	
60, 59, 53, 52	
55, 36, 56, 65	
53, 46, 56, 49	
52, 58, 55, 66	
49, 59, 51, 48	
45, 62, 52, 70	
56, 58, 63, 52	
47, 46, 46, 42	
61, 40, 55, 63	
47, 43, 56, 52	
59, 56, 50, 55	
40, 60, 43, 48	
54, 52, 57, 68	
61, 67, 43, 66	
59, 40, 70, 66	
53, 63, 59, 49	
51, 53, 57, 57	
40, 46, 51, 51	
71, 42, 45, 51	
45, 59, 57, 55	
56, 43, 53, 49	
50, 44, 51, 45	
55, 61, 58, 45	
51, 51, 53, 61	
51, 53, 52, 44	
51, 50, 51, 54	
51, 53, 47, 52	
56, 64, 53, 46	
42, 43, 51, 46	
57, 58, 45, 42	
55, 69, 48, 54	
47, 44, 40, 54	
50, 43, 58, 49	
46, 51, 51, 49	
39, 44, 46, 51	
52, 57, 47, 51	
39, 42, 60, 46	
45, 45, 54, 47	
48, 50, 43, 59	
36, 51, 58, 56	
45, 45, 55, 58	
55, 47, 49, 45	
52, 53, 57, 45	
55, 62, 60, 60	
39, 50, 49, 35	
53, 51, 48, 55	
50, 34, 42, 45	
43, 55, 53, 45	
39, 36, 50, 52	
49, 52, 52, 50	
34, 53, 59, 56	
42, 45, 51, 55	
56, 54, 49, 51	
50, 38, 51, 50	
50, 61, 43, 58	
39, 39, 52, 45	
60, 43, 58, 45	
41, 58, 50, 56	
58, 44, 49, 52	
35, 63, 64, 65	
55, 54, 54, 44	
56, 46, 38, 38	
48, 49, 47, 30	
49, 45, 41, 45	
50, 54, 54, 50	
51, 41, 68, 51	
47, 42, 53, 48	
61, 48, 45, 39	
68, 45, 49, 50	
54, 44, 43, 49	
46, 47, 38, 55	
54, 44, 60, 35	
41, 65, 47, 40	
45, 45, 45, 57	
42, 42, 53, 51	
41, 44, 54, 46	
56, 51, 42, 60	
43, 58, 53, 55	
53, 49, 47, 53	
50, 56, 48, 51	
53, 42, 47, 49	
56, 58, 65, 46	
42, 34, 35, 46	
44, 48, 43, 42	
47, 55, 54, 55	
52, 61, 53, 47	
46, 49, 41, 44	
43, 47, 55, 53	
51, 55, 40, 54	
58, 53, 50, 57	
47, 43, 56, 45	
56, 42, 48, 44	
70, 51, 74, 68	
67, 68, 56, 59	
54, 51, 66, 71	
81, 84, 82, 82	
95, 77, 112, 122	
105, 130, 115, 123	
132, 133, 164, 130	
134, 121, 127, 135	
141, 114, 120, 98	
103, 114, 80, 75	
82, 76, 80, 77	
71, 60, 71, 51	
65, 61, 40, 55	
55, 48, 53, 48	
49, 46, 47, 52	
59, 57, 40, 46	
52, 51, 53, 43	
53, 40, 48, 55	
51, 53, 43, 54	
53, 37, 53, 47	
42, 38, 42, 45	
49, 47, 51, 53	
35, 58, 46, 37	
49, 43, 39, 41	
50, 48, 53, 53	
58, 46, 49, 43	
53, 42, 53, 48	
40, 40, 47, 47	
45, 32, 53, 53	
49, 54, 44, 41	
41, 48, 47, 58	
49, 50, 37, 46	
42, 40, 50, 39	
53, 49, 42, 40	
51, 50, 43, 47	
59, 60, 52, 42	
53, 43, 40, 48	
46, 49, 49, 49	
48, 49, 41, 46	
42, 40, 53, 52	
42, 40, 36, 48	
44, 34, 56, 49	
49, 54, 67, 35	
46, 51, 48, 43	
52, 48, 35, 36	
49, 61, 55, 46	
38, 41, 57, 55	
52, 49, 59, 47	
38, 46, 56, 53	
48, 52, 47, 52	
45, 61, 33, 47	
48, 47, 48, 43	
46, 47, 47, 48	
48, 39, 31, 55	
37, 54, 42, 40	
42, 51, 57, 38	
39, 45, 55, 46	
39, 53, 52, 42	
40, 38, 41, 55	
42, 37, 45, 36	
53, 48, 46, 43	
35, 53, 50, 48	
45, 35, 43, 37	
53, 52, 35, 54	
46, 39, 50, 62	
50, 50, 33, 31	
48, 49, 45, 41	
48, 36, 40, 46	
42, 41, 47, 57	
57, 47, 39, 40	
47, 56, 40, 45	
44, 38, 42, 41	
48, 47, 52, 43	
47, 46, 55, 50	
42, 41, 41, 49	
51, 51, 34, 43	
53, 48, 60, 32	
48, 35, 51, 36	
30, 47, 44, 33	
52, 44, 58, 61	
43, 39, 52, 36	
33, 48, 41, 47	
42, 42, 57, 53	
42, 34, 40, 35	
39, 50, 42, 45	
33, 52, 40, 51	
41, 47, 48, 54	
58, 44, 46, 34	
49, 47, 30, 37	
50, 50, 42, 58	
45, 47, 40, 42	
43, 44, 46, 40	
45, 40, 56, 42	
43, 44, 41, 53	
53, 49, 41, 43	
46, 47, 48, 50	
57, 40, 34, 33	
38, 50, 44, 35	
44, 46, 26, 52	
49, 46, 46, 37	
47, 43, 49, 47	
34, 33, 56, 43	
50, 42, 48, 43	
46, 40, 44, 52	
39, 38, 44, 41	
51, 35, 57, 46	
37, 56, 46, 37	
43, 38, 31, 46	
48, 42, 39, 40	
52, 54, 44, 47	
52, 50, 50, 51	
48, 49, 47, 54	
41, 45, 42, 37	
24, 56, 35, 29	
57, 43, 33, 53	
48, 47, 36, 37	
45, 35, 41, 49	
51, 36, 49, 35	
33, 49, 40, 41	
34, 47, 47, 33	
40, 48, 32, 44	
42, 44, 47, 48	
40, 39, 38, 45	
41, 53, 49, 41	
38, 39, 40, 52	
32, 32, 40, 51	
47, 53, 45, 42	
43, 49, 47, 44	
49, 40, 41, 44	
38, 43, 37, 40	
45, 41, 46, 43	
47, 51, 43, 46	
45, 43, 44, 49	
42, 50, 47, 46	
44, 47, 47, 53	
40, 46, 30, 42	
45, 44, 46, 34	
49, 44, 44, 55	
44, 47, 32, 37	
34, 52, 44, 52	
48, 37, 57, 35	
42, 45, 40, 44	
42, 48, 39, 32	
40, 36, 36, 47	
43, 49, 38, 38	
47, 46, 45, 27	
49, 37, 37, 45	
38, 44, 41, 43	
37, 46, 47, 47	
33, 38, 44, 49	
46, 51, 40, 28	
47, 47, 39, 39	
42, 48, 55, 35	
45, 36, 49, 29	
49, 51, 51, 52	
41, 45, 45, 46	
46, 54, 38, 37	
49, 40, 47, 53	
34, 45, 40, 48	
36, 31, 50, 29	
47, 43, 42, 48	
44, 46, 50, 43	
41, 44, 41, 46	
43, 37, 47, 50	
40, 39, 36, 41	
32, 53, 43, 53	
46, 52, 45, 34	
45, 50, 45, 40	
39, 46, 45, 45	
40, 36, 34, 29	
46, 47, 41, 50	
46, 45, 49, 42	
46, 36, 45, 46	
44, 48, 47, 28	
32, 35, 44, 54	
40, 29, 56, 45	
35, 46, 39, 48	
43, 46, 35, 48	
40, 43, 43, 52	
49, 43, 52, 49	
38, 29, 42, 39	
37, 32, 49, 43	
35, 28, 39, 43	
48, 50, 41, 33	
48, 52, 40, 39	
51, 46, 52, 42	
35, 46, 31, 34	
37, 40, 43, 59	
47, 55, 47, 39	
46, 40, 52, 36	
34, 41, 45, 45	
47, 42, 51, 43	
36, 47, 42, 48	
49, 43, 37, 43	
46, 31, 49, 38	
33, 49, 49, 48	
38, 44, 41, 33	
50, 56, 43, 39	
40, 47, 49, 29	
57, 35, 50, 43	
28, 36, 50, 31	
40, 43, 44, 36	
43, 49, 34, 47	
47, 46, 45, 42	
51, 40, 44, 39	
31, 42, 34, 40	
33, 36, 50, 42	
43, 39, 50, 29	
47, 40, 26, 52	
33, 39, 46, 31	
38, 39, 46, 39	
40, 34, 44, 45	
49, 39, 58, 34	
31, 31, 45, 29	
52, 38, 39, 44	
48, 55, 34, 35	
45, 35, 44, 44	
51, 46, 47, 30	
37, 49, 38, 34	
43, 38, 37, 42	
42, 44, 50, 30	
40, 43, 42, 36	
33, 34, 40, 29	
37, 31, 32, 39	
30, 42, 37, 43	
51, 44, 32, 38	
42, 46, 41, 37	
40, 46, 39, 46	
51, 57, 36, 37	
40, 47, 36, 42	
38, 34, 49, 25	
42, 34, 47, 42	
29, 42, 42, 45	
39, 47, 49, 49	
31, 42, 48, 39	
54, 50, 52, 53	
43, 27, 36, 48	
38, 42, 41, 35	
44, 49, 40, 47	
40, 41, 31, 45	
41, 48, 39, 35	
42, 34, 41, 34	
47, 38, 37, 43	
34, 47, 48, 40	
41, 50, 44, 47	
37, 34, 38, 38	
30, 45, 43, 43	
50, 32, 33, 45	
35, 35, 41, 32	
37, 43, 45, 36	
38, 37, 37, 47	
40, 36, 40, 34	
40, 34, 35, 36	
34, 42, 46, 45	
39, 45, 32, 27	
38, 42, 40, 36	
39, 41, 35, 29	
41, 38, 50, 32	
39, 38, 43, 46	
36, 30, 41, 37	
53, 44, 37, 40	
35, 52, 38, 44	
48, 29, 35, 49	
44, 35, 38, 45	
38, 49, 37, 43	
35, 39, 24, 43	
40, 38, 37, 44	
37, 39, 37, 38	
44, 38, 50, 34	
43, 39, 39, 33	
51, 28, 35, 43	
48, 37, 39, 44	
42, 31, 43, 44	
45, 29, 31, 37	
40, 28, 38, 38	
37, 34, 35, 35	
47, 45, 39, 38	
31, 42, 40, 46	
29, 29, 57, 41	
39, 30, 38, 33	
34, 29, 32, 34	
37, 39, 44, 35	
39, 39, 35, 47	
37, 25, 34, 32	
40, 47, 46, 52	
43, 39, 42, 37	
41, 41, 42, 31	
42, 48, 28, 45	
47, 35, 46, 34	
49, 47, 31, 31	
41, 39, 45, 45	
31, 41, 30, 28	
33, 42, 33, 41	
43, 35, 34, 35	
35, 39, 45, 39	
47, 42, 30, 30	
36, 32, 50, 46	
33, 29, 34, 42	
39, 36, 39, 34	
47, 34, 34, 33	
32, 41, 41, 38	
41, 37, 46, 37	
35, 38, 32, 34	
39, 33, 38, 45	
38, 39, 44, 46	
41, 45, 56, 30	
31, 40, 45, 32	
37, 32, 40, 24	
38, 35, 43, 36	
36, 34, 47, 42	
47, 39, 55, 42	
41, 30, 21, 40	
41, 39, 46, 44	
44, 37, 37, 43	
34, 33, 32, 46	
46, 45, 37, 30	
32, 39, 35, 42	
47, 29, 37, 39	
43, 35, 39, 35	
51, 28, 38, 42	
48, 50, 48, 47	
30, 41, 32, 29	
35, 31, 30, 36	
36, 33, 36, 36	
40, 37, 34, 43	
36, 41, 42, 42	
29, 40, 38, 37	
38, 35, 37, 37	
43, 45, 36, 27	
46, 26, 52, 26	
52, 32, 37, 43	
33, 41, 34, 41	
42, 38, 34, 34	
42, 33, 37, 31	
41, 34, 26, 44	
34, 32, 39, 35	
35, 24, 41, 36	
31, 38, 41, 29	
34, 33, 29, 38	
44, 38, 39, 43	
52, 44, 38, 37	
48, 27, 34, 41	
35, 42, 36, 52	
36, 39, 33, 41	
36, 37, 34, 32	
34, 43, 40, 26	
30, 42, 37, 44	
21, 30, 38, 50	
35, 39, 44, 37	
29, 41, 32, 31	
41, 42, 33, 29	
37, 41, 27, 36	
30, 34, 45, 31	
31, 31, 38, 47	
39, 31, 46, 40	
39, 50, 24, 45	
40, 39, 37, 33	
43, 39, 39, 33	
26, 44, 39, 31	
40, 27, 44, 39	
29, 24, 40, 43	
29, 35, 34, 28	
44, 34, 37, 37	
35, 37, 37, 39	
32, 41, 38, 28	
37, 38, 24, 44	
39, 35, 45, 22	
41, 25, 42, 41	
31, 28, 37, 37	
27, 43, 37, 29	
29, 35, 39, 34	
29, 41, 40, 39	
43, 36, 43, 36	
39, 38, 32, 36	
44, 30, 48, 48	
40, 49, 40, 41	
40, 27, 30, 31	
32, 32, 39, 31	
47, 31, 34, 34	
40, 42, 42, 32	
26, 43, 43, 31	
40, 36, 29, 29	
40, 28, 36, 37	
43, 38, 29, 36	
38, 38, 36, 42	
36, 31, 43, 35	
47, 38, 34, 23	
43, 42, 35, 28	
33, 36, 46, 33	
35, 34, 26, 35	
35, 32, 29, 34	
23, 22, 48, 39	
33, 34, 43, 38	
38, 24, 34, 36	
34, 38, 38, 41	
37, 29, 35, 40	
37, 29, 33, 52	
32, 35, 48, 27	
30, 40, 30, 25	
27, 32, 31, 28	
32, 29, 35, 36	
25, 40, 41, 43	
42, 36, 34, 34	
29, 33, 32, 35	
29, 33, 33, 42	
36, 35, 35, 34	
39, 24, 29, 24	
40, 40, 36, 34	
40, 37, 44, 28	
30, 33, 31, 36	
28, 25, 28, 29	
44, 34, 26, 35	
29, 41, 27, 38	
30, 32, 53, 33	
39, 26, 21, 30	
33, 47, 42, 38	
24, 42, 31, 35	
27, 38, 33, 36	
34, 36, 36, 39	
23, 34, 29, 49	
32, 30, 42, 23	
24, 33, 34, 29	
37, 30, 28, 29	
26, 33, 29, 26	
44, 21, 28, 28	
32, 25, 37, 33	
38, 29, 36, 34	
32, 37, 35, 25	
36, 27, 34, 29	
34, 32, 34, 47	
30, 36, 29, 35	
34, 37, 31, 33	
35, 45, 29, 40	
36, 37, 41, 29	
40, 20, 41, 45	
34, 32, 21, 34	
33, 36, 28, 29	
30, 33, 36, 37	
28, 33, 39, 31	
30, 24, 23, 35	
40, 27, 40, 27	
42, 38, 24, 29	
29, 34, 42, 28	
35, 38, 32, 27	
40, 34, 32, 34	
37, 34, 34, 34	
32, 22, 29, 23	
33, 35, 34, 30	
32, 34, 27, 33	
30, 34, 30, 34	
31, 32, 39, 37	
32, 33, 30, 31	
50, 26, 32, 28	
33, 30, 34, 37	
36, 35, 40, 29	
22, 26, 28, 31	
44, 31, 36, 37	
34, 30, 35, 49	
34, 38, 34, 27	
33, 27, 27, 32	
31, 39, 25, 34	
35, 33, 31, 38	
36, 44, 31, 32	
33, 25, 41, 28	
30, 44, 35, 30	
28, 31, 28, 28	
27, 36, 31, 35	
30, 32, 33, 34	
33, 23, 30, 44	
21, 34, 35, 28	
31, 35, 29, 30	
29, 40, 22, 28	
29, 29, 26, 43	
34, 28, 49, 29	
39, 21, 23, 35	
27, 26, 41, 32	
31, 30, 33, 33	
40, 36, 36, 35	
35, 39, 30, 36	
29, 33, 24, 33	
34, 34, 29, 38	
31, 30, 30, 46	
31, 24, 39, 33	
28, 31, 29, 31	
38, 26, 26, 34	
34, 40, 25, 29	
19, 29, 43, 30	
42, 30, 35, 43	
36, 33, 34, 40	
31, 26, 37, 26	
31, 29, 34, 28	
32, 28, 26, 43	
30, 23, 32, 32	
30, 44, 31, 22	
27, 34, 25, 29	
36, 34, 26, 31	
36, 35, 23, 35	
25, 36, 26, 30	
24, 36, 31, 31	
29, 42, 32, 37	
35, 36, 29, 35	
30, 23, 34, 29	
24, 29, 26, 34	
38, 37, 34, 23	
27, 30, 22, 34	
27, 36, 32, 32	
28, 22, 34, 22	
30, 24, 28, 23	
29, 29, 29, 23	
22, 33, 34, 36	
25, 37, 30, 30	
35, 33, 27, 29	
29, 28, 34, 26	
34, 29, 36, 36	
39, 30, 39, 34	
39, 30, 36, 29	
35, 42, 36, 29	
43, 48, 33, 42	
34, 33, 32, 37	
37, 27, 29, 25	
37, 34, 24, 36	
29, 31, 35, 29	
35, 35, 40, 33	
30, 30, 28, 34	
26, 42, 28, 24	
43, 26, 31, 34	
42, 24, 32, 28	
35, 28, 26, 31	
36, 25, 27, 29	
28, 31, 38, 24	
44, 30, 29, 29	
20, 38, 29, 25	
32, 20, 22, 33	
26, 28, 34, 31	
21, 37, 30, 31	
39, 28, 28, 29	
26, 24, 22, 34	
26, 36, 22, 34	
31, 31, 30, 35	
28, 25, 32, 32	
38, 42, 28, 20	
29, 25, 31, 32	
36, 29, 36, 26	
33, 23, 28, 33	
24, 21, 26, 33	
27, 33, 31, 34	
29, 41, 22, 37	
27, 25, 23, 31	
18, 29, 38, 24	
34, 37, 26, 36	
24, 22, 34, 35	
30, 22, 32, 25	
28, 26, 40, 29	
27, 21, 32, 29	
31, 27, 31, 18	
21, 29, 23, 26	
26, 32, 27, 24	
37, 31, 27, 25	
33, 19, 26, 37	
34, 29, 23, 22	
30, 16, 27, 35	
33, 26, 24, 24	
34, 19, 42, 26	
37, 26, 28, 32	
40, 32, 27, 22	
34, 31, 36, 37	
24, 24, 38, 30	
28, 30, 15, 28	
19, 40, 31, 24	
29, 24, 28, 23	
33, 27, 23, 23	
21, 29, 28, 24	
35, 24, 23, 36	
26, 36, 28, 39	
31, 28, 30, 22	
31, 32, 21, 39	
38, 33, 32, 19	
32, 26, 34, 30	
25, 25, 30, 33	
33, 21, 22, 23	
29, 31, 28, 25	
28, 28, 19, 27	
37, 32, 39, 28	
29, 32, 31, 35	
39, 28, 32, 29	
28, 24, 17, 30	
31, 28, 20, 25	
26, 35, 23, 22	
23, 22, 22, 56	
36, 21, 23, 25	
26, 25, 24, 32	
28, 22, 30, 24	
25, 18, 30, 28	
33, 25, 34, 19	
27, 27, 26, 32	
29, 26, 28, 27	
38, 27, 24, 31	
26, 31, 27, 33	
24, 26, 22, 25	
27, 29, 22, 30	
26, 29, 29, 26	
32, 32, 32, 32	
28, 29, 29, 35	
17, 27, 21, 33	
29, 30, 30, 25	
23, 30, 16, 27	
35, 36, 31, 21	
34, 32, 22, 22	
21, 26, 21, 32	
28, 28, 31, 25	
31, 25, 33, 24	
26, 28, 28, 28	
25, 21, 27, 31	
27, 25, 27, 24	
32, 26, 31, 32	
22, 30, 27, 29	
23, 32, 23, 27	
28, 22, 29, 24	
29, 26, 27, 27	
36, 21, 24, 23	
31, 41, 17, 31	
38, 32, 34, 23	
34, 17, 27, 25	
28, 36, 32, 47	
17, 32, 31, 45	
22, 34, 20, 25	
27, 23, 25, 28	
40, 24, 26, 36	
38, 21, 23, 28	
36, 31, 26, 19	
23, 18, 32, 35	
26, 26, 32, 32	
31, 26, 29, 25	
30, 24, 31, 22	
27, 17, 22, 33	
22, 25, 24, 30	
33, 31, 31, 23	
29, 21, 15, 34	
29, 25, 33, 27	
29, 32, 26, 23	
25, 23, 24, 21	
23, 25, 35, 29	
26, 29, 27, 30	
23, 25, 28, 36	
29, 28, 32, 22	
14, 21, 29, 21	
24, 23, 24, 21	
31, 26, 33, 17	
34, 19, 31, 29	
24, 21, 33, 25	
30, 25, 19, 22	
21, 24, 25, 35	
24, 27, 34, 24	
22, 25, 25, 25	
34, 25, 25, 25	
28, 33, 20, 30	
28, 22, 34, 19	
30, 32, 32, 29	
25, 25, 27, 32	
21, 20, 23, 24	
29, 29, 26, 26	
21, 28, 24, 21	
38, 27, 20, 27	
20, 36, 27, 25	
29, 26, 29, 24	
27, 22, 26, 32	
26, 27, 35, 31	
29, 28, 30, 28	
23, 26, 26, 31	
31, 23, 35, 18	
29, 31, 21, 24	
24, 21, 29, 24	
29, 32, 27, 22	
27, 35, 21, 27	
24, 26, 24, 25	
36, 29, 22, 20	
21, 25, 18, 25	
37, 33, 19, 27	
21, 21, 33, 26	
36, 28, 32, 21	
29, 28, 27, 32	
32, 32, 24, 31	
20, 33, 23, 31	
16, 38, 27, 29	
23, 25, 28, 31	
24, 30, 25, 26	
31, 20, 32, 26	
28, 22, 32, 29	
31, 23, 30, 21	
22, 37, 20, 20	
24, 30, 33, 29	
20, 28, 28, 25	
18, 21, 17, 34	
27, 19, 27, 25	
37, 25, 24, 33	
20, 23, 29, 27	
29, 19, 25, 22	
17, 32, 18, 23	
27, 26, 20, 27	
29, 20, 29, 27	
38, 27, 23, 26	
23, 25, 28, 24	
26, 33, 24, 26	
33, 20, 34, 26	
31, 43, 23, 29	
33, 24, 32, 29	
18, 26, 24, 31	
28, 22, 19, 16	
18, 33, 33, 21	
25, 24, 34, 26	
22, 24, 27, 37	
23, 27, 28, 28	
24, 23, 26, 19	
31, 26, 33, 24	
25, 21, 17, 28	
18, 30, 23, 19	
23, 24, 29, 33	
19, 25, 24, 17	
22, 24, 19, 29	
17, 22, 29, 22	
25, 22, 31, 21	
26, 22, 35, 24	
30, 30, 27, 16	
28, 27, 11, 25	
27, 34, 29, 30	
25, 29, 26, 37	
19, 35, 22, 25	
21, 29, 32, 22	
29, 20, 22, 30	
31, 17, 35, 19	
29, 23, 25, 38	
24, 33, 29, 22	
27, 29, 18, 22	
26, 23, 25, 21	
27, 24, 21, 26	
31, 31, 24, 30	
24, 28, 22, 17	
24, 17, 31, 25	
23, 20, 27, 28	
24, 25, 29, 19	
25, 33, 25, 30	
27, 30, 29, 27	
28, 29, 16, 18	
33, 29, 33, 21	
22, 17, 32, 19	
26, 19, 19, 24	
28, 28, 24, 27	
24, 36, 25, 28	
25, 27, 18, 21	
20, 32, 27, 37	
27, 30, 29, 25	
23, 32, 27, 25	
22, 23, 34, 31	
25, 16, 34, 25	
35, 22, 21, 17	
27, 26, 33, 30	
27, 27, 21, 21	
20, 28, 24, 29	
32, 26, 27, 25	
24, 24, 23, 20	
21, 21, 17, 27	
15, 30, 11, 32	
31, 26, 20, 29	
33, 23, 26, 23	
20, 24, 25, 30	
32, 23, 26, 19	
25, 33, 26, 24	
25, 30, 19, 25	
25, 16, 19, 27	
27, 26, 27, 14	
24, 17, 21, 23	
32, 24, 31, 34	
35, 19, 23, 23	
30, 13, 13, 16	
25, 20, 18, 22	
29, 26, 25, 21	
31, 19, 19, 20	
31, 22, 20, 22	
27, 29, 32, 17	
23, 30, 26, 31	
25, 16, 16, 22	
28, 27, 23, 13	
27, 20, 31, 32	
33, 27, 21, 23	
21, 27, 28, 22	
33, 26, 21, 29	
31, 17, 29, 22	
25, 29, 22, 24	
25, 28, 24, 23	
21, 33, 27, 14	
30, 24, 23, 26	
20, 19, 35, 22	
26, 24, 18, 36	
16, 34, 18, 23	
27, 24, 24, 30	
26, 26, 25, 26	
27, 30, 17, 18	
28, 24, 40, 27	
23, 21, 17, 35	
23, 18, 25, 29	
24, 27, 16, 31	
28, 29, 30, 17	
23, 13, 22, 25	
18, 29, 25, 31	
26, 19, 21, 28	
26, 31, 27, 22	
24, 29, 36, 24	
21, 27, 22, 20	
21, 30, 23, 21	
23, 32, 20, 25	
25, 24, 30, 21	
30, 23, 29, 24	
30, 29, 26, 13	
22, 27, 26, 30	
18, 33, 20, 21	
32, 27, 27, 27	
25, 39, 22, 15	
25, 18, 23, 16	
23, 21, 33, 30	
33, 36, 31, 25	
28, 26, 25, 19	
33, 28, 22, 33	
22, 25, 25, 29	
22, 23, 34, 21	
21, 26, 32, 24	
25, 27, 20, 25	
25, 31, 20, 30	
18, 35, 25, 23	
21, 21, 20, 21	
26, 30, 28, 27	
22, 18, 26, 34	
30, 20, 21, 18	
26, 21, 25, 31	
28, 25, 27, 21	
35, 20, 34, 27	
27, 26, 21, 29	
19, 25, 21, 28	
21, 24, 21, 39	
27, 20, 21, 33	
24, 24, 13, 20	
20, 24, 25, 24	
24, 26, 29, 36	
24, 31, 39, 42	
26, 43, 22, 38	
39, 46, 34, 42	
31, 41, 38, 38	
20, 28, 30, 24	
27, 36, 30, 22	
28, 39, 32, 32	
39, 33, 35, 27	
39, 33, 29, 27	
24, 30, 24, 28	
32, 36, 20, 28	
24, 24, 21, 26	
29, 27, 29, 31	
25, 28, 36, 20	
21, 28, 25, 19	
27, 29, 18, 24	
17, 24, 26, 22	
18, 25, 21, 26	
22, 28, 21, 28	
26, 30, 27, 23	
23, 28, 37, 30	
18, 28, 25, 22	
30, 23, 30, 28	
27, 19, 30, 25	
22, 14, 24, 19	
26, 27, 30, 20	
28, 20, 22, 26	
23, 28, 28, 17	
23, 22, 30, 20	
22, 29, 30, 27	
29, 23, 29, 19	
15, 17, 30, 29	
21, 25, 20, 22	
17, 21, 18, 28	
24, 22, 30, 23	
28, 29, 18, 30	
17, 23, 25, 30	
22, 36, 16, 26	
14, 14, 27, 17	
19, 27, 23, 27	
14, 25, 21, 21	
33, 31, 19, 15	
27, 20, 24, 24	
30, 31, 30, 17	
18, 24, 21, 23	
24, 27, 19, 25	
15, 29, 23, 19	
24, 21, 20, 22	
21, 0, 0, 0	
