1	173.239	255	255	255
2	1.130	255	255	255
3	139.043	255	255	255
4	5.853	255	255	255
5	15.404	255	255	255
6	5.545	255	255	255
7	62.949	255	255	255
8	0.719	255	255	255
9	0.513	255	255	255
10	3.594	255	255	255
11	2.567	255	255	255
12	13.247	255	255	255
13	3.389	255	255	255
14	1809.509	255	255	255
15	427.809	255	255	255
16	0.924	255	255	255
17	0.103	255	255	255
18	34.196	255	255	255
19	37.790	255	255	255
20	8.626	255	255	255
21	4.724	255	255	255
22	116.143	255	255	255
23	17.149	255	255	255
24	57.815	255	255	255
25	54.015	255	255	255
26	2.567	255	255	255
27	8.523	255	255	255
28	85.952	255	255	255
29	569.521	255	255	255
30	8.626	255	255	255
31	28.035	255	255	255
32	244.609	255	255	255
33	144.588	255	255	255
34	91.292	255	255	255
35	0.719	255	255	255
36	12.528	255	255	255
37	16.944	255	255	255
38	8.421	255	255	255
39	0.103	255	255	255
40	105.258	255	255	255
41	35.120	255	255	255
42	77.839	255	255	255
43	55.556	255	255	255
44	3.491	255	255	255
45	0.616	255	255	255
46	51.140	255	255	255
47	168.412	255	255	255
48	0.205	255	255	255
49	1.951	255	255	255
50	32.142	255	255	255
51	0.513	255	255	255
52	6.572	255	255	255
53	1.027	255	255	255
54	2.978	255	255	255
55	7.086	255	255	255
56	3754.570	255	255	255
57	4.416	255	255	255
58	0.308	255	255	255
59	0.616	255	255	255
60	1.848	255	255	255
61	55.556	255	255	255
62	60.177	255	255	255
63	18.587	255	255	255
64	0.924	255	255	255
65	10.885	255	255	255
66	0.308	255	255	255
67	0.308	255	255	255
68	13.452	255	255	255
69	91.189	255	255	255
70	2.362	255	255	255
71	12.631	255	255	255
72	0.616	255	255	255
73	0.103	255	255	255
74	0.513	255	255	255
75	45.184	255	255	255
76	0.308	255	255	255
77	0.103	255	255	255
78	1.438	255	255	255
79	4.416	255	255	255
80	1.540	255	255	255
81	331.793	255	255	255
82	1.540	255	255	255
83	0.103	255	255	255
84	6.778	255	255	255
85	2.259	255	255	255
86	163.894	255	255	255
87	83.282	255	255	255
88	0.205	255	255	255
89	1.848	255	255	255
90	15.917	255	255	255
91	48.470	255	255	255
92	0.719	255	255	255
93	1.335	255	255	255
94	34.299	255	255	255
95	374.718	255	255	255
96	0.308	255	255	255
97	17.355	255	255	255
98	0.822	255	255	255
99	0.411	255	255	255
100	217.396	255	255	255
101	4.210	255	255	255
102	1231.156	255	255	255
103	0.411	255	255	255
104	1.746	255	255	255
105	0.822	255	255	255
106	0.205	255	255	255
107	3.902	255	255	255
108	13.966	255	255	255
109	17.149	255	255	255
110	1.130	255	255	255
111	0.822	255	255	255
112	14.685	255	255	255
113	1.438	255	255	255
114	1.335	255	255	255
115	1.848	255	255	255
116	1.335	255	255	255
117	0.411	255	255	255
118	22.797	255	255	255
119	0.924	255	255	255
120	20.127	255	255	255
121	7.188	255	255	255
122	0.103	255	255	255
123	2.054	255	255	255
124	8.113	255	255	255
125	0.103	255	255	255
126	3.183	255	255	255
127	29.986	255	255	255
128	1.335	255	255	255
129	0.205	255	255	255
130	17.868	255	255	255
131	30.396	255	255	255
132	0.205	255	255	255
133	3.286	255	255	255
134	0.103	255	255	255
135	0.308	255	255	255
136	2.567	255	255	255
137	0.308	255	255	255
138	0.616	255	255	255
139	0.411	255	255	255
140	11.399	255	255	255
141	1.951	255	255	255
142	3.697	255	255	255
143	0.205	255	255	255
144	0.205	255	255	255
145	4.621	255	255	255
146	20.333	255	255	255
147	11.091	255	255	255
148	0.719	255	255	255
149	0.308	255	255	255
150	16.739	255	255	255
151	0.924	255	255	255
152	47.751	255	255	255
153	0.103	255	255	255
154	0.103	255	255	255
155	0.103	255	255	255
156	36.147	255	255	255
157	13.350	255	255	255
158	0.103	255	255	255
159	0.616	255	255	255
160	1.643	255	255	255
161	675.087	255	255	255
162	3.081	255	255	255
163	6.572	255	255	255
164	1.130	255	255	255
165	14.069	255	255	255
166	1.438	255	255	255
167	1.027	255	255	255
168	0.719	255	255	255
169	3.491	255	255	255
170	0.616	255	255	255
171	0.308	255	255	255
172	0.924	255	255	255
173	12.220	255	255	255
174	2.054	255	255	255
175	149.620	255	255	255
176	1.027	255	255	255
177	1.335	255	255	255
178	7.702	255	255	255
179	0.103	255	255	255
180	80.715	255	255	255
181	0.411	255	255	255
182	1.232	255	255	255
183	0.924	255	255	255
184	1.232	255	255	255
185	9.345	255	255	255
186	0.308	255	255	255
187	1.438	255	255	255
188	15.404	255	255	255
189	0.205	255	255	255
190	8.318	255	255	255
191	0.103	255	255	255
192	7.907	255	255	255
193	497.946	255	255	255
194	54.426	255	255	255
195	42.206	255	255	255
196	2.773	255	255	255
197	0.103	255	255	255
198	11.501	255	255	255
199	16.944	255	255	255
200	11.296	255	255	255
201	3.286	255	255	255
202	0.411	255	255	255
203	1.540	255	255	255
204	8.318	255	255	255
205	0.103	255	255	255
206	0.308	255	255	255
207	1.232	255	255	255
208	32.861	255	255	255
209	0.308	255	255	255
210	0.103	255	255	255
211	0.719	255	255	255
212	19.717	255	255	255
213	4.826	255	255	255
214	0.616	255	255	255
215	0.411	255	255	255
216	0.924	255	255	255
217	1.130	255	255	255
218	59.252	255	255	255
219	0.513	255	255	255
220	0.924	255	255	255
221	0.308	255	255	255
222	12.528	255	255	255
223	6.264	255	255	255
224	141.405	255	255	255
225	14.377	255	255	255
226	0.513	255	255	255
227	0.822	255	255	255
228	0.205	255	255	255
229	3.491	255	255	255
230	1.951	255	255	255
231	0.411	255	255	255
232	10.372	255	255	255
233	20.743	255	255	255
234	0.103	255	255	255
235	0.411	255	255	255
236	0.411	255	255	255
237	14.479	255	255	255
238	9.345	255	255	255
239	0.308	255	255	255
240	6.161	255	255	255
241	0.103	255	255	255
242	0.513	255	255	255
243	10.783	255	255	255
244	1.232	255	255	255
245	5.443	255	255	255
246	0.308	255	255	255
247	6.367	255	255	255
248	2.773	255	255	255
249	0.513	255	255	255
250	0.411	255	255	255
251	340.316	255	255	255
252	3.491	255	255	255
253	0.103	255	255	255
254	0.308	255	255	255
255	0.103	255	255	255
256	0.411	255	255	255
257	1.438	255	255	255
258	0.205	255	255	255
259	6.161	255	255	255
260	6.675	255	255	255
261	8.831	255	255	255
262	0.513	255	255	255
263	2.054	255	255	255
264	11.707	255	255	255
265	0.822	255	255	255
266	3.389	255	255	255
267	7.702	255	255	255
268	2144.486	255	255	255
269	1.027	255	255	255
270	218.320	255	255	255
271	0.205	255	255	255
272	37.379	255	255	255
273	8.934	255	255	255
274	18.074	255	255	255
275	0.719	255	255	255
276	0.616	255	255	255
277	7.188	255	255	255
278	0.103	255	255	255
279	0.822	255	255	255
280	7.291	255	255	255
281	0.822	255	255	255
282	0.205	255	255	255
283	2.465	255	255	255
284	2.054	255	255	255
285	0.103	255	255	255
286	23.105	255	255	255
287	16.430	255	255	255
288	0.411	255	255	255
289	10.988	255	255	255
290	3.389	255	255	255
291	0.205	255	255	255
292	9.448	255	255	255
293	5.443	255	255	255
294	1.027	255	255	255
295	4.005	255	255	255
296	1.438	255	255	255
297	12.631	255	255	255
298	6.470	255	255	255
299	27.213	255	255	255
300	1.438	255	255	255
301	1.540	255	255	255
302	1.643	255	255	255
303	0.205	255	255	255
304	8.010	255	255	255
305	0.103	255	255	255
306	12.734	255	255	255
307	0.103	255	255	255
308	8.318	255	255	255
309	10.064	255	255	255
310	0.616	255	255	255
311	2.773	255	255	255
312	1.951	255	255	255
313	0.205	255	255	255
314	20.025	255	255	255
315	0.205	255	255	255
316	191.929	255	255	255
317	9.345	255	255	255
318	8.626	255	255	255
319	2.259	255	255	255
320	1.438	255	255	255
321	0.411	255	255	255
322	3.800	255	255	255
323	400.288	255	255	255
324	0.205	255	255	255
325	4.518	255	255	255
326	5.648	255	255	255
327	23.619	255	255	255
328	0.719	255	255	255
329	7.804	255	255	255
330	6.367	255	255	255
331	6.367	255	255	255
332	0.513	255	255	255
333	309.920	255	255	255
334	1.438	255	255	255
335	5.443	255	255	255
336	3.081	255	255	255
337	0.205	255	255	255
338	10.064	255	255	255
339	27.726	255	255	255
340	13.966	255	255	255
341	20.333	255	255	255
342	3.183	255	255	255
343	1.643	255	255	255
344	0.308	255	255	255
345	23.003	255	255	255
346	4.416	255	255	255
347	33.888	255	255	255
348	0.822	255	255	255
349	3.902	255	255	255
350	6.264	255	255	255
351	0.308	255	255	255
352	42.308	255	255	255
353	106.387	255	255	255
354	0.719	255	255	255
355	93781.269	255	255	255
356	0.308	255	255	255
357	0.103	255	255	255
358	0.205	255	255	255
359	1.027	255	255	255
360	737.934	255	255	255
361	91.805	255	255	255
362	1.746	255	255	255
363	3.183	255	255	255
364	0.411	255	255	255
365	0.719	255	255	255
366	1.027	255	255	255
367	0.103	255	255	255
368	0.513	255	255	255
369	1.027	255	255	255
370	0.308	255	255	255
371	0.205	255	255	255
372	2.773	255	255	255
373	6.778	255	255	255
374	5.032	255	255	255
375	2.259	255	255	255
376	0.205	255	255	255
377	0.924	255	255	255
378	8.626	255	255	255
379	0.822	255	255	255
380	0.822	255	255	255
381	1585.336	255	255	255
382	0.103	255	255	255
383	0.205	255	255	255
384	3.902	255	255	255
385	3.800	255	255	255
386	2.773	255	255	255
387	10.064	255	255	255
388	1.643	255	255	255
389	45.903	255	255	255
390	0.513	255	255	255
391	2.054	255	255	255
392	5.956	255	255	255
393	15.506	255	255	255
394	12.117	255	255	255
395	1.848	255	255	255
396	0.205	255	255	255
397	9.858	255	255	255
398	15.712	255	255	255
399	12.323	255	255	255
400	19.306	255	255	255
401	28.856	255	255	255
402	0.513	255	255	255
403	13.042	255	255	255
404	0.103	255	255	255
405	4.929	255	255	255
406	29.267	255	255	255
407	4.416	255	255	255
408	0.513	255	255	255
409	3.286	255	255	255
410	19.922	255	255	255
411	28.343	255	255	255
412	24.235	255	255	255
413	2.465	255	255	255
414	4.313	255	255	255
415	9.756	255	255	255
416	9.448	255	255	255
417	9.345	255	255	255
418	32.758	255	255	255
419	1.848	255	255	255
420	17.765	255	255	255
421	199.630	255	255	255
422	18.792	255	255	255
423	4.005	255	255	255
424	0.205	255	255	255
425	21.565	255	255	255
426	2.978	255	255	255
427	8.729	255	255	255
428	14.582	255	255	255
429	1.335	255	255	255
430	20.538	255	255	255
431	0.205	255	255	255
432	4.005	255	255	255
433	6.983	255	255	255
434	0.103	255	255	255
435	194.393	255	255	255
436	7.086	255	255	255
437	0.719	255	255	255
438	0.411	255	255	255
439	6.470	255	255	255
440	29.369	255	255	255
441	35.839	255	255	255
442	15.506	255	255	255
443	82.871	255	255	255
444	1.027	255	255	255
445	38.098	255	255	255
446	0.411	255	255	255
447	0.822	255	255	255
448	0.103	255	255	255
449	288.458	255	255	255
450	3.902	255	255	255
451	5.648	255	255	255
452	4.210	255	255	255
453	0.924	255	255	255
454	1.027	255	255	255
455	0.103	255	255	255
456	0.411	255	255	255
457	0.205	255	255	255
458	20.743	255	255	255
459	0.616	255	255	255
460	3.902	255	255	255
461	8.010	255	255	255
462	8.010	255	255	255
463	2.567	255	255	255
464	24.440	255	255	255
465	13.452	255	255	255
466	9.037	255	255	255
467	1.027	255	255	255
468	0.308	255	255	255
469	4.724	255	255	255
470	42.822	255	255	255
471	0.719	255	255	255
472	1.232	255	255	255
473	43.952	255	255	255
474	45.595	255	255	255
475	0.719	255	255	255
476	1.130	255	255	255
477	95.091	255	255	255
478	0.513	255	255	255
479	5.853	255	255	255
480	27.316	255	255	255
481	0.513	255	255	255
482	2.259	255	255	255
483	2.362	255	255	255
484	22.078	255	255	255
485	0.205	255	255	255
486	2.054	255	255	255
487	0.822	255	255	255
488	2.054	255	255	255
489	3.800	255	255	255
490	1.438	255	255	255
491	1.438	255	255	255
492	2.670	255	255	255
493	499.795	255	255	255
494	2.978	255	255	255
495	5.340	255	255	255
496	0.924	255	255	255
497	2.567	255	255	255
498	1.848	255	255	255
499	0.822	255	255	255
500	5.956	255	255	255
501	5.751	255	255	255
502	0.205	255	255	255
503	7.599	255	255	255
504	285.582	255	255	255
505	0.616	255	255	255
506	4.826	255	255	255
507	1.027	255	255	255
508	0.205	255	255	255
509	1.951	255	255	255
510	0.719	255	255	255
511	2.773	255	255	255
512	2.670	255	255	255
513	0.205	255	255	255
514	10.885	255	255	255
515	9.448	255	255	255
516	1.540	255	255	255
517	6.778	255	255	255
518	10.166	255	255	255
519	5.340	255	255	255
520	44.978	255	255	255
521	0.103	255	255	255
522	6.470	255	255	255
523	8.831	255	255	255
524	7.394	255	255	255
525	10.064	255	255	255
526	1.540	255	255	255
527	3.902	255	255	255
528	13.350	255	255	255
529	0.411	255	255	255
530	0.616	255	255	255
531	17.355	255	255	255
532	4.210	255	255	255
533	2.465	255	255	255
534	0.719	255	255	255
535	0.924	255	255	255
536	1.335	255	255	255
537	0.616	255	255	255
538	2.567	255	255	255
539	6.983	255	255	255
540	6.675	255	255	255
541	0.513	255	255	255
542	114.500	255	255	255
543	2.054	255	255	255
544	0.205	255	255	255
545	2.773	255	255	255
546	27.418	255	255	255
547	18.279	255	255	255
548	0.103	255	255	255
549	0.103	255	255	255
550	45.903	255	255	255
551	0.205	255	255	255
552	15.198	255	255	255
553	478.435	255	255	255
554	1.746	255	255	255
555	1.335	255	255	255
556	12.631	255	255	255
557	0.103	255	255	255
558	12.939	255	255	255
559	15.609	255	255	255
560	2.875	255	255	255
561	57.712	255	255	255
562	3.491	255	255	255
563	116.143	255	255	255
564	0.308	255	255	255
565	0.616	255	255	255
566	0.616	255	255	255
567	1.027	255	255	255
568	0.513	255	255	255
569	9.242	255	255	255
570	1.232	255	255	255
571	0.308	255	255	255
572	0.103	255	255	255
573	54.837	255	255	255
574	244.814	255	255	255
575	1.232	255	255	255
576	2.567	255	255	255
577	3.389	255	255	255
578	5.443	255	255	255
579	0.411	255	255	255
580	5.751	255	255	255
581	2.054	255	255	255
582	0.411	255	255	255
583	0.103	255	255	255
584	11.912	255	255	255
585	0.308	255	255	255
586	5.237	255	255	255
587	0.308	255	255	255
588	1.746	255	255	255
589	0.205	255	255	255
590	6.367	255	255	255
591	1.951	255	255	255
592	0.308	255	255	255
593	3.286	255	255	255
594	24.440	255	255	255
595	0.103	255	255	255
596	0.205	255	255	255
597	0.205	255	255	255
598	19.409	255	255	255
599	20.743	255	255	255
600	3.902	255	255	255
601	8.113	255	255	255
602	24.132	255	255	255
603	0.103	255	255	255
604	0.411	255	255	255
605	0.411	255	255	255
606	13.761	255	255	255
607	23.105	255	255	255
608	4.416	255	255	255
609	6.572	255	255	255
610	62.949	255	255	255
611	1.130	255	255	255
612	1.951	255	255	255
613	18.792	255	255	255
614	1.027	255	255	255
615	9.653	255	255	255
616	0.411	255	255	255
617	15.301	255	255	255
618	0.205	255	255	255
619	7.907	255	255	255
620	9.858	255	255	255
621	1.848	255	255	255
622	15.712	255	255	255
623	0.616	255	255	255
624	6.778	255	255	255
625	2.259	255	255	255
626	2.157	255	255	255
627	7.804	255	255	255
628	2.978	255	255	255
629	1.951	255	255	255
630	0.616	255	255	255
631	1.540	255	255	255
632	0.308	255	255	255
633	2.875	255	255	255
634	3.081	255	255	255
635	6.675	255	255	255
636	9620.559	255	255	255
637	0.103	255	255	255
638	2.670	255	255	255
639	5.751	255	255	255
640	0.719	255	255	255
641	58.534	255	255	255
642	216.882	255	255	255
643	0.308	255	255	255
644	2.157	255	255	255
645	11.296	255	255	255
646	10.064	255	255	255
647	12.426	255	255	255
648	0.822	255	255	255
649	0.205	255	255	255
650	7.907	255	255	255
651	0.205	255	255	255
652	11.193	255	255	255
653	0.719	255	255	255
654	5.853	255	255	255
655	0.308	255	255	255
656	8.215	255	255	255
657	413.945	255	255	255
658	3.389	255	255	255
659	0.205	255	255	255
660	0.719	255	255	255
661	0.411	255	255	255
662	0.103	255	255	255
663	5.751	255	255	255
664	0.822	255	255	255
665	2.670	255	255	255
666	12.220	255	255	255
667	6.264	255	255	255
668	14.479	255	255	255
669	5.340	255	255	255
670	2.362	255	255	255
671	2.362	255	255	255
672	0.616	255	255	255
673	0.103	255	255	255
674	42.000	255	255	255
675	5.032	255	255	255
676	2.670	255	255	255
677	1.232	255	255	255
678	0.616	255	255	255
679	24.030	255	255	255
680	0.513	255	255	255
681	0.103	255	255	255
682	9.653	255	255	255
683	0.103	255	255	255
684	5.340	255	255	255
685	1.335	255	255	255
686	8.113	255	255	255
687	0.411	255	255	255
688	3.902	255	255	255
689	0.205	255	255	255
690	1.130	255	255	255
691	0.719	255	255	255
692	0.205	255	255	255
693	34.504	255	255	255
694	0.308	255	255	255
695	0.719	255	255	255
696	6.983	255	255	255
697	7.599	255	255	255
698	1.848	255	255	255
699	2.157	255	255	255
700	8.113	255	255	255
701	0.103	255	255	255
702	0.103	255	255	255
703	1.540	255	255	255
704	4.005	255	255	255
705	0.822	255	255	255
706	1.130	255	255	255
707	18.176	255	255	255
708	8.626	255	255	255
709	168.823	255	255	255
710	0.616	255	255	255
711	0.924	255	255	255
712	13.350	255	255	255
713	21.770	255	255	255
714	0.308	255	255	255
715	14.993	255	255	255
716	2.567	255	255	255
717	0.411	255	255	255
718	2.157	255	255	255
719	51.551	255	255	255
720	0.822	255	255	255
721	11.707	255	255	255
722	485.829	255	255	255
723	0.103	255	255	255
724	0.308	255	255	255
725	1.540	255	255	255
726	0.411	255	255	255
727	5.853	255	255	255
728	1.951	255	255	255
729	0.103	255	255	255
730	0.513	255	255	255
731	19.511	255	255	255
732	0.205	255	255	255
733	9.448	255	255	255
734	7.702	255	255	255
735	0.411	255	255	255
736	7.599	255	255	255
737	3.697	255	255	255
738	0.205	255	255	255
739	1.232	255	255	255
740	0.103	255	255	255
741	0.308	255	255	255
742	0.103	255	255	255
743	0.822	255	255	255
744	6.572	255	255	255
745	10.372	255	255	255
746	56.685	255	255	255
747	7.496	255	255	255
748	21.360	255	255	255
749	0.308	255	255	255
750	0.103	255	255	255
751	0.411	255	255	255
752	0.411	255	255	255
753	0.103	255	255	255
754	1.130	255	255	255
755	4.005	255	255	255
756	1.746	255	255	255
757	0.411	255	255	255
758	0.411	255	255	255
759	0.411	255	255	255
760	0.103	255	255	255
761	0.103	255	255	255
762	49.189	255	255	255
763	4.416	255	255	255
764	0.308	255	255	255
765	0.513	255	255	255
766	0.103	255	255	255
767	12.528	255	255	255
768	3.800	255	255	255
769	2.567	255	255	255
770	0.205	255	255	255
771	2.567	255	255	255
772	23.413	255	255	255
773	65.825	255	255	255
774	14.274	255	255	255
775	0.411	255	255	255
776	30.191	255	255	255
777	205.894	255	255	255
778	2.567	255	255	255
779	4.724	255	255	255
780	0.103	255	255	255
781	12.426	255	255	255
782	0.205	255	255	255
783	0.308	255	255	255
784	34.401	255	255	255
785	2.259	255	255	255
786	6.059	255	255	255
787	1.438	255	255	255
788	1.335	255	255	255
789	3.183	255	255	255
790	3.902	255	255	255
791	12.426	255	255	255
792	2.054	255	255	255
793	2.362	255	255	255
794	1.951	255	255	255
795	0.616	255	255	255
796	0.103	255	255	255
797	12.220	255	255	255
798	0.205	255	255	255
799	0.308	255	255	255
800	5.648	255	255	255
801	143.356	255	255	255
802	6.161	255	255	255
803	0.205	255	255	255
804	4.313	255	255	255
805	1.232	255	255	255
806	2.670	255	255	255
807	271.822	255	255	255
808	2.362	255	255	255
809	22.797	255	255	255
810	1.335	255	255	255
811	9.961	255	255	255
812	90.676	255	255	255
813	4.313	255	255	255
814	2.259	255	255	255
815	164.305	255	255	255
816	0.205	255	255	255
817	1.335	255	255	255
818	3.389	255	255	255
819	0.103	255	255	255
820	16.020	255	255	255
821	6.572	255	255	255
822	4.416	255	255	255
823	0.411	255	255	255
824	8.113	255	255	255
825	0.205	255	255	255
826	0.616	255	255	255
827	0.616	255	255	255
828	2.875	255	255	255
829	0.411	255	255	255
830	7.804	255	255	255
831	6.367	255	255	255
832	0.308	255	255	255
833	1.746	255	255	255
834	0.924	255	255	255
835	38.612	255	255	255
836	30.807	255	255	255
837	26.391	255	255	255
838	0.719	255	255	255
839	2.054	255	255	255
840	0.924	255	255	255
841	18.690	255	255	255
842	15.609	255	255	255
843	2.465	255	255	255
844	6.880	255	255	255
845	0.616	255	255	255
846	183.097	255	255	255
847	217.498	255	255	255
848	5.340	255	255	255
849	6.470	255	255	255
850	0.616	255	255	255
851	0.103	255	255	255
852	6.470	255	255	255
853	3.594	255	255	255
854	8.729	255	255	255
855	10.474	255	255	255
856	0.205	255	255	255
857	44.670	255	255	255
858	0.616	255	255	255
859	0.205	255	255	255
860	1.746	255	255	255
861	1.540	255	255	255
862	901.417	255	255	255
863	5.135	255	255	255
864	0.411	255	255	255
865	8.934	255	255	255
866	2.773	255	255	255
867	1.643	255	255	255
868	89.854	255	255	255
869	1.027	255	255	255
870	1.438	255	255	255
871	0.103	255	255	255
872	5.648	255	255	255
873	6.161	255	255	255
874	15.506	255	255	255
875	9.242	255	255	255
876	48.778	255	255	255
877	0.205	255	255	255
878	5.340	255	255	255
879	1.643	255	255	255
880	23.516	255	255	255
881	0.924	255	255	255
882	7.907	255	255	255
883	0.411	255	255	255
884	2.875	255	255	255
885	3.491	255	255	255
886	0.308	255	255	255
887	1.232	255	255	255
888	4.313	255	255	255
889	10.577	255	255	255
890	6.880	255	255	255
891	3.183	255	255	255
892	1.232	255	255	255
893	0.411	255	255	255
894	8.934	255	255	255
895	0.103	255	255	255
896	4.313	255	255	255
897	49.600	255	255	255
898	1.746	255	255	255
899	1.130	255	255	255
900	0.308	255	255	255
901	0.308	255	255	255
902	0.308	255	255	255
903	11.707	255	255	255
904	0.308	255	255	255
905	6.778	255	255	255
906	0.205	255	255	255
907	15.712	255	255	255
908	0.719	255	255	255
909	129.287	255	255	255
910	0.411	255	255	255
911	0.616	255	255	255
912	16.122	255	255	255
913	0.103	255	255	255
914	5.032	255	255	255
915	50.729	255	255	255
916	2.875	255	255	255
917	3.183	255	255	255
918	3.800	255	255	255
919	0.616	255	255	255
920	3.183	255	255	255
921	0.616	255	255	255
922	0.103	255	255	255
923	84.412	255	255	255
924	16.328	255	255	255
925	0.205	255	255	255
926	17.560	255	255	255
927	3.081	255	255	255
928	21.565	255	255	255
929	2.157	255	255	255
930	2.875	255	255	255
931	2.773	255	255	255
932	0.411	255	255	255
933	6.059	255	255	255
934	9.550	255	255	255
935	7.086	255	255	255
936	0.205	255	255	255
937	1.232	255	255	255
938	5.751	255	255	255
939	2.465	255	255	255
940	3.389	255	255	255
941	1.027	255	255	255
942	26.186	255	255	255
943	6.880	255	255	255
944	4.929	255	255	255
945	2.259	255	255	255
946	8.318	255	255	255
947	0.719	255	255	255
948	1.027	255	255	255
949	0.205	255	255	255
950	4.518	255	255	255
951	2.978	255	255	255
952	2.875	255	255	255
953	0.616	255	255	255
954	0.411	255	255	255
955	0.205	255	255	255
956	382.317	255	255	255
957	0.205	255	255	255
958	0.513	255	255	255
959	1.027	255	255	255
960	10.166	255	255	255
961	0.205	255	255	255
962	0.411	255	255	255
963	1.438	255	255	255
964	2.567	255	255	255
965	1.643	255	255	255
966	3.902	255	255	255
967	1.951	255	255	255
968	32.964	255	255	255
969	2.465	255	255	255
970	0.205	255	255	255
971	8.318	255	255	255
972	11.193	255	255	255
973	12.426	255	255	255
974	0.719	255	255	255
975	23.619	255	255	255
976	13.452	255	255	255
977	0.205	255	255	255
978	1.027	255	255	255
979	567.673	255	255	255
980	3.697	255	255	255
981	1.438	255	255	255
982	0.822	255	255	255
983	33.580	255	255	255
984	3.491	255	255	255
985	263.812	255	255	255
986	1.130	255	255	255
987	0.103	255	255	255
988	3.183	255	255	255
989	0.308	255	255	255
990	1.951	255	255	255
991	6.264	255	255	255
992	1.232	255	255	255
993	2.670	255	255	255
994	21.462	255	255	255
995	1.540	255	255	255
996	12.939	255	255	255
997	0.924	255	255	255
998	11.399	255	255	255
999	0.513	255	255	255
1000	13.042	255	255	255
1001	3.697	255	255	255
1002	17.663	255	255	255
1003	0.513	255	255	255
1004	0.513	255	255	255
1005	0.205	255	255	255
1006	1.848	255	255	255
1007	3.902	255	255	255
1008	6.264	255	255	255
1009	0.308	255	255	255
1010	1.951	255	255	255
1011	78.558	255	255	255
1012	117.375	255	255	255
1013	5.237	255	255	255
1014	3.800	255	255	255
1015	36.969	255	255	255
1016	1.540	255	255	255
1017	0.308	255	255	255
1018	1.643	255	255	255
1019	0.103	255	255	255
1020	7.188	255	255	255
1021	1.130	255	255	255
1022	0.308	255	255	255
1023	0.719	255	255	255
1024	0.103	255	255	255
1025	3.183	255	255	255
1026	0.205	255	255	255
1027	0.205	255	255	255
1028	0.103	255	255	255
1029	3.183	255	255	255
1030	0.205	255	255	255
1031	0.822	255	255	255
1032	2.670	255	255	255
1033	3.183	255	255	255
1034	2.978	255	255	255
1035	2.259	255	255	255
1036	0.411	255	255	255
1037	0.719	255	255	255
1038	3.491	255	255	255
1039	0.308	255	255	255
1040	5.340	255	255	255
1041	0.513	255	255	255
1042	24.646	255	255	255
1043	1.951	255	255	255
1044	13.144	255	255	255
1045	120.661	255	255	255
1046	1.951	255	255	255
1047	6.880	255	255	255
1048	0.719	255	255	255
1049	14.993	255	255	255
1050	5.237	255	255	255
1051	7.804	255	255	255
1052	0.513	255	255	255
1053	2.465	255	255	255
1054	0.411	255	255	255
1055	3.491	255	255	255
1056	5.340	255	255	255
1057	6.675	255	255	255
1058	1.130	255	255	255
1059	0.513	255	255	255
1060	5.340	255	255	255
1061	0.205	255	255	255
1062	3.902	255	255	255
1063	0.411	255	255	255
1064	1.746	255	255	255
1065	3.183	255	255	255
1066	6.367	255	255	255
1067	15.609	255	255	255
1068	0.103	255	255	255
1069	0.719	255	255	255
1070	0.513	255	255	255
1071	13.042	255	255	255
1072	0.103	255	255	255
1073	3.081	255	255	255
1074	7.188	255	255	255
1075	2.670	255	255	255
1076	0.924	255	255	255
1077	0.205	255	255	255
1078	7.188	255	255	255
1079	4.313	255	255	255
1080	0.616	255	255	255
1081	0.103	255	255	255
1082	1.438	255	255	255
1083	4.826	255	255	255
1084	18.484	255	255	255
1085	3.491	255	255	255
1086	0.513	255	255	255
1087	0.205	255	255	255
1088	0.308	255	255	255
1089	1.027	255	255	255
1090	1.438	255	255	255
1091	0.308	255	255	255
1092	4.108	255	255	255
1093	0.513	255	255	255
1094	0.103	255	255	255
1095	0.103	255	255	255
1096	2.978	255	255	255
1097	1.335	255	255	255
1098	0.205	255	255	255
1099	2.978	255	255	255
1100	3.183	255	255	255
1101	1.848	255	255	255
1102	106.387	255	255	255
1103	0.616	255	255	255
1104	1.951	255	255	255
1105	29.267	255	255	255
1106	0.822	255	255	255
1107	5.545	255	255	255
1108	0.103	255	255	255
1109	6.572	255	255	255
1110	0.513	255	255	255
1111	4.518	255	255	255
1112	7.394	255	255	255
1113	0.924	255	255	255
1114	2.259	255	255	255
1115	0.103	255	255	255
1116	0.924	255	255	255
1117	0.616	255	255	255
1118	18.074	255	255	255
1119	10.372	255	255	255
1120	2.567	255	255	255
1121	0.719	255	255	255
1122	0.719	255	255	255
1123	19.409	255	255	255
1124	0.616	255	255	255
1125	10.783	255	255	255
1126	1.951	255	255	255
1127	4.826	255	255	255
1128	53.810	255	255	255
1129	1.027	255	255	255
1130	5.545	255	255	255
1131	5.751	255	255	255
1132	2.670	255	255	255
1133	8.729	255	255	255
1134	11.193	255	255	255
1135	0.103	255	255	255
1136	10.269	255	255	255
1137	0.308	255	255	255
1138	0.205	255	255	255
1139	28.343	255	255	255
1140	12.117	255	255	255
1141	0.513	255	255	255
1142	7.907	255	255	255
1143	4.416	255	255	255
1144	3.902	255	255	255
1145	0.822	255	255	255
1146	0.103	255	255	255
1147	5.545	255	255	255
1148	0.103	255	255	255
1149	13.452	255	255	255
1150	2.875	255	255	255
1151	1.027	255	255	255
1152	3.594	255	255	255
1153	2.978	255	255	255
1154	0.103	255	255	255
1155	38.509	255	255	255
1156	2.465	255	255	255
1157	1.540	255	255	255
1158	12.220	255	255	255
1159	1.335	255	255	255
1160	0.308	255	255	255
1161	3.491	255	255	255
1162	0.924	255	255	255
1163	0.205	255	255	255
1164	0.205	255	255	255
1165	10.783	255	255	255
1166	8.523	255	255	255
1167	0.103	255	255	255
1168	3.286	255	255	255
1169	2.875	255	255	255
1170	1.027	255	255	255
1171	4.826	255	255	255
1172	0.103	255	255	255
1173	7.394	255	255	255
1174	0.103	255	255	255
1175	0.719	255	255	255
1176	14.377	255	255	255
1177	1.027	255	255	255
1178	1.027	255	255	255
1179	7.907	255	255	255
1180	38.201	255	255	255
1181	0.513	255	255	255
1182	0.103	255	255	255
1183	3.286	255	255	255
1184	20.127	255	255	255
1185	0.205	255	255	255
1186	1.540	255	255	255
1187	0.411	255	255	255
1188	2.773	255	255	255
1189	8.318	255	255	255
1190	4.108	255	255	255
1191	1.540	255	255	255
1192	16.739	255	255	255
1193	1.335	255	255	255
1194	2.362	255	255	255
1195	22.900	255	255	255
1196	0.924	255	255	255
1197	0.924	255	255	255
1198	1.335	255	255	255
1199	0.411	255	255	255
1200	3.389	255	255	255
1201	0.513	255	255	255
1202	9.858	255	255	255
1203	13.247	255	255	255
1204	1.848	255	255	255
1205	88.417	255	255	255
1206	5.340	255	255	255
1207	1.643	255	255	255
1208	2.978	255	255	255
1209	0.308	255	255	255
1210	0.411	255	255	255
1211	2.362	255	255	255
1212	1.335	255	255	255
1213	1.335	255	255	255
1214	0.308	255	255	255
1215	1.746	255	255	255
1216	0.205	255	255	255
1217	7.599	255	255	255
1218	0.205	255	255	255
1219	12.117	255	255	255
1220	0.513	255	255	255
1221	0.924	255	255	255
1222	3.491	255	255	255
1223	0.411	255	255	255
1224	4.313	255	255	255
1225	15.609	255	255	255
1226	3.389	255	255	255
1227	0.308	255	255	255
1228	0.719	255	255	255
1229	1.130	255	255	255
1230	0.411	255	255	255
1231	2.567	255	255	255
1232	11.296	255	255	255
1233	22.797	255	255	255
1234	13.350	255	255	255
1235	1.232	255	255	255
1236	0.411	255	255	255
1237	2.157	255	255	255
1238	17.971	255	255	255
1239	179.400	255	255	255
1240	0.205	255	255	255
1241	23.824	255	255	255
1242	0.103	255	255	255
1243	21.565	255	255	255
1244	1.130	255	255	255
1245	30.704	255	255	255
1246	48.573	255	255	255
1247	3.389	255	255	255
1248	0.103	255	255	255
1249	80.612	255	255	255
1250	9.858	255	255	255
1251	2.978	255	255	255
1252	0.205	255	255	255
1253	1.027	255	255	255
1254	8.113	255	255	255
1255	105.155	255	255	255
1256	8.626	255	255	255
1257	16.328	255	255	255
1258	0.924	255	255	255
1259	0.513	255	255	255
1260	15.712	255	255	255
1261	9.550	255	255	255
1262	22.387	255	255	255
1263	2.157	255	255	255
1264	0.205	255	255	255
1265	10.885	255	255	255
1266	89.546	255	255	255
1267	4.518	255	255	255
1268	1.746	255	255	255
1269	8.215	255	255	255
1270	0.103	255	255	255
1271	15.712	255	255	255
1272	45.903	255	255	255
1273	16.739	255	255	255
1274	8.113	255	255	255
1275	13.144	255	255	255
1276	0.308	255	255	255
1277	0.513	255	255	255
1278	0.411	255	255	255
1279	9.345	255	255	255
1280	4.210	255	255	255
1281	0.719	255	255	255
1282	6.367	255	255	255
1283	79.996	255	255	255
1284	6.778	255	255	255
1285	0.924	255	255	255
1286	47.648	255	255	255
1287	1.027	255	255	255
1288	6.059	255	255	255
1289	1.438	255	255	255
1290	6.470	255	255	255
1291	3.800	255	255	255
1292	0.411	255	255	255
1293	3.902	255	255	255
1294	0.924	255	255	255
1295	0.822	255	255	255
1296	0.411	255	255	255
1297	0.205	255	255	255
1298	46.724	255	255	255
1299	28.240	255	255	255
1300	5.443	255	255	255
1301	0.308	255	255	255
1302	59.150	255	255	255
1303	0.411	255	255	255
1304	0.513	255	255	255
1305	4.210	255	255	255
1306	2.567	255	255	255
1307	3.081	255	255	255
1308	9.550	255	255	255
1309	0.719	255	255	255
1310	10.577	255	255	255
1311	9.858	255	255	255
1312	0.103	255	255	255
1313	0.205	255	255	255
1314	4.313	255	255	255
1315	0.308	255	255	255
1316	0.103	255	255	255
1317	11.091	255	255	255
1318	0.616	255	255	255
1319	0.924	255	255	255
1320	1.027	255	255	255
1321	10.577	255	255	255
1322	1.027	255	255	255
1323	2.567	255	255	255
1324	0.103	255	255	255
1325	0.103	255	255	255
1326	122.099	255	255	255
1327	42.411	255	255	255
1328	0.513	255	255	255
1329	7.188	255	255	255
1330	0.822	255	255	255
1331	1.848	255	255	255
1332	10.269	255	255	255
1333	3.594	255	255	255
1334	36.969	255	255	255
1335	1.951	255	255	255
1336	0.103	255	255	255
1337	15.096	255	255	255
1338	27.110	255	255	255
1339	42.103	255	255	255
1340	2.875	255	255	255
1341	0.308	255	255	255
1342	5.237	255	255	255
1343	1.746	255	255	255
1344	0.205	255	255	255
1345	12.220	255	255	255
1346	0.924	255	255	255
1347	1.130	255	255	255
1348	90.368	255	255	255
1349	0.616	255	255	255
1350	36.763	255	255	255
1351	6.983	255	255	255
1352	1.232	255	255	255
1353	2.362	255	255	255
1354	0.719	255	255	255
1355	21.154	255	255	255
1356	0.513	255	255	255
1357	0.719	255	255	255
1358	358.082	255	255	255
1359	45.903	255	255	255
1360	9.242	255	255	255
1361	14.685	255	255	255
1362	2.670	255	255	255
1363	27.726	255	255	255
1364	5.956	255	255	255
1365	0.103	255	255	255
1366	0.103	255	255	255
1367	4.621	255	255	255
1368	21.360	255	255	255
1369	2.465	255	255	255
1370	2.259	255	255	255
1371	1.232	255	255	255
1372	0.411	255	255	255
1373	1.027	255	255	255
1374	1.027	255	255	255
1375	15.506	255	255	255
1376	2.670	255	255	255
1377	6.778	255	255	255
1378	0.308	255	255	255
1379	5.545	255	255	255
1380	47.238	255	255	255
1381	0.308	255	255	255
1382	5.853	255	255	255
1383	16.328	255	255	255
1384	1.643	255	255	255
1385	3.594	255	255	255
1386	0.411	255	255	255
1387	0.103	255	255	255
1388	22.592	255	255	255
1389	0.513	255	255	255
1390	35.223	255	255	255
1391	5.853	255	255	255
1392	6.059	255	255	255
1393	0.205	255	255	255
1394	0.411	255	255	255
1395	1.438	255	255	255
1396	0.822	255	255	255
1397	0.308	255	255	255
1398	72.191	255	255	255
1399	0.103	255	255	255
1400	7.907	255	255	255
1401	0.103	255	255	255
1402	0.513	255	255	255
1403	0.205	255	255	255
1404	3.389	255	255	255
1405	0.205	255	255	255
1406	120.661	255	255	255
1407	0.308	255	255	255
1408	2.773	255	255	255
1409	1.232	255	255	255
1410	0.513	255	255	255
1411	0.308	255	255	255
1412	2.259	255	255	255
1413	2.773	255	255	255
1414	0.513	255	255	255
1415	5.237	255	255	255
1416	0.411	255	255	255
1417	0.205	255	255	255
1418	76.504	255	255	255
1419	8.010	255	255	255
1420	6.161	255	255	255
1421	2.259	255	255	255
1422	0.822	255	255	255
1423	0.822	255	255	255
1424	156.706	255	255	255
1425	1.232	255	255	255
1426	0.205	255	255	255
1427	7.702	255	255	255
1428	36.558	255	255	255
1429	1.540	255	255	255
1430	0.616	255	255	255
1431	0.411	255	255	255
1432	0.411	255	255	255
1433	2.875	255	255	255
1434	1.438	255	255	255
1435	3.697	255	255	255
1436	191.210	255	255	255
1437	0.513	255	255	255
1438	1.027	255	255	255
1439	33.991	255	255	255
1440	0.411	255	255	255
1441	1.643	255	255	255
1442	1.746	255	255	255
1443	34.607	255	255	255
1444	37.379	255	255	255
1445	39.125	255	255	255
1446	2.157	255	255	255
1447	1.746	255	255	255
1448	7.291	255	255	255
1449	0.103	255	255	255
1450	23.413	255	255	255
1451	11.091	255	255	255
1452	2.054	255	255	255
1453	2.773	255	255	255
1454	1.027	255	255	255
1455	15.712	255	255	255
1456	0.205	255	255	255
1457	3.183	255	255	255
1458	39.947	255	255	255
1459	69.213	255	255	255
1460	3.389	255	255	255
1461	1.232	255	255	255
1462	26.802	255	255	255
1463	8.113	255	255	255
1464	1.232	255	255	255
1465	3.491	255	255	255
1466	2.157	255	255	255
1467	5.751	255	255	255
1468	1.438	255	255	255
1469	0.205	255	255	255
1470	517.868	255	255	255
1471	0.822	255	255	255
1472	3.286	255	255	255
1473	2.773	255	255	255
1474	1.540	255	255	255
1475	0.616	255	255	255
1476	5.751	255	255	255
1477	140.070	255	255	255
1478	13.863	255	255	255
1479	1.643	255	255	255
1480	0.205	255	255	255
1481	0.411	255	255	255
1482	3.183	255	255	255
1483	0.411	255	255	255
1484	6.059	255	255	255
1485	1.130	255	255	255
1486	4.621	255	255	255
1487	5.237	255	255	255
1488	21.257	255	255	255
1489	0.205	255	255	255
1490	10.372	255	255	255
1491	0.103	255	255	255
1492	0.205	255	255	255
1493	1.130	255	255	255
1494	13.350	255	255	255
1495	5.237	255	255	255
1496	0.616	255	255	255
1497	0.205	255	255	255
1498	2.875	255	255	255
1499	2.054	255	255	255
1500	1.643	255	255	255
1501	3.902	255	255	255
1502	0.719	255	255	255
1503	459.335	255	255	255
1504	0.205	255	255	255
1505	0.411	255	255	255
1506	8.318	255	255	255
1507	0.411	255	255	255
1508	7.086	255	255	255
1509	4.518	255	255	255
1510	0.308	255	255	255
1511	2.054	255	255	255
1512	9.550	255	255	255
1513	3.183	255	255	255
1514	1.335	255	255	255
1515	3.902	255	255	255
1516	2.157	255	255	255
1517	7.702	255	255	255
1518	0.103	255	255	255
1519	6.675	255	255	255
1520	5.853	255	255	255
1521	1.438	255	255	255
1522	2.465	255	255	255
1523	3.697	255	255	255
1524	0.103	255	255	255
1525	0.308	255	255	255
1526	0.103	255	255	255
1527	0.205	255	255	255
1528	6.059	255	255	255
1529	0.616	255	255	255
1530	634.730	255	255	255
1531	7.188	255	255	255
1532	0.513	255	255	255
1533	9.242	255	255	255
1534	0.616	255	255	255
1535	2.567	255	255	255
1536	197.782	255	255	255
1537	0.103	255	255	255
1538	0.513	255	255	255
1539	0.924	255	255	255
1540	0.103	255	255	255
1541	0.308	255	255	255
1542	0.719	255	255	255
1543	1.746	255	255	255
1544	12.631	255	255	255
1545	0.205	255	255	255
1546	1.027	255	255	255
1547	9.653	255	255	255
1548	5.853	255	255	255
1549	0.616	255	255	255
1550	20.949	255	255	255
1551	2.465	255	255	255
1552	19.819	255	255	255
1553	2.054	255	255	255
1554	10.474	255	255	255
1555	0.205	255	255	255
1556	10.064	255	255	255
1557	13.042	255	255	255
1558	11.296	255	255	255
1559	2.567	255	255	255
1560	0.411	255	255	255
1561	1.746	255	255	255
1562	10.577	255	255	255
1563	0.103	255	255	255
1564	4.826	255	255	255
1565	1.232	255	255	255
1566	1.848	255	255	255
1567	2.567	255	255	255
1568	0.103	255	255	255
1569	0.616	255	255	255
1570	4.724	255	255	255
1571	3.902	255	255	255
1572	1.643	255	255	255
1573	0.924	255	255	255
1574	36.147	255	255	255
1575	5.237	255	255	255
1576	0.616	255	255	255
1577	1.951	255	255	255
1578	0.616	255	255	255
1579	0.308	255	255	255
1580	2.259	255	255	255
1581	2.978	255	255	255
1582	3.491	255	255	255
1583	2.157	255	255	255
1584	8.934	255	255	255
1585	3.800	255	255	255
1586	5.751	255	255	255
1587	1.335	255	255	255
1588	16.225	255	255	255
1589	0.411	255	255	255
1590	2.054	255	255	255
1591	0.513	255	255	255
1592	1.951	255	255	255
1593	0.616	255	255	255
1594	0.308	255	255	255
1595	6.983	255	255	255
1596	2.670	255	255	255
1597	1.643	255	255	255
1598	57.917	255	255	255
1599	2.875	255	255	255
1600	0.822	255	255	255
1601	6.983	255	255	255
1602	0.719	255	255	255
1603	0.103	255	255	255
1604	0.308	255	255	255
1605	6.572	255	255	255
1606	0.513	255	255	255
1607	4.724	255	255	255
1608	0.103	255	255	255
1609	74.861	255	255	255
1610	0.719	255	255	255
1611	0.411	255	255	255
1612	6.470	255	255	255
1613	5.135	255	255	255
1614	0.308	255	255	255
1615	0.205	255	255	255
1616	0.719	255	255	255
1617	4.826	255	255	255
1618	1.540	255	255	255
1619	107.825	255	255	255
1620	60.074	255	255	255
1621	0.924	255	255	255
1622	12.015	255	255	255
1623	0.308	255	255	255
1624	4.005	255	255	255
1625	947.525	255	255	255
1626	0.103	255	255	255
1627	1.848	255	255	255
1628	1.746	255	255	255
1629	2.157	255	255	255
1630	6.264	255	255	255
1631	18.690	255	255	255
1632	2.875	255	255	255
1633	13.966	255	255	255
1634	0.103	255	255	255
1635	3.902	255	255	255
1636	2.978	255	255	255
1637	1.232	255	255	255
1638	10.577	255	255	255
1639	0.822	255	255	255
1640	1.643	255	255	255
1641	846.991	255	255	255
1642	15.609	255	255	255
1643	1.335	255	255	255
1644	1.848	255	255	255
1645	0.103	255	255	255
1646	0.308	255	255	255
1647	37.174	255	255	255
1648	5.545	255	255	255
1649	6.880	255	255	255
1650	0.616	255	255	255
1651	4.005	255	255	255
1652	1.643	255	255	255
1653	8.318	255	255	255
1654	2.465	255	255	255
1655	9.448	255	255	255
1656	2.567	255	255	255
1657	9.345	255	255	255
1658	0.205	255	255	255
1659	0.308	255	255	255
1660	8.421	255	255	255
1661	1.130	255	255	255
1662	2.773	255	255	255
1663	0.308	255	255	255
1664	24.646	255	255	255
1665	2.567	255	255	255
1666	1.027	255	255	255
1667	13.761	255	255	255
1668	4.313	255	255	255
1669	2.773	255	255	255
1670	8.626	255	255	255
1671	3.389	255	255	255
1672	0.103	255	255	255
1673	3.902	255	255	255
1674	0.308	255	255	255
1675	0.103	255	255	255
1676	6.161	255	255	255
1677	22.900	255	255	255
1678	0.103	255	255	255
1679	0.616	255	255	255
1680	0.103	255	255	255
1681	0.308	255	255	255
1682	0.308	255	255	255
1683	7.188	255	255	255
1684	0.616	255	255	255
1685	0.103	255	255	255
1686	5.443	255	255	255
1687	0.719	255	255	255
1688	1.643	255	255	255
1689	1.232	255	255	255
1690	1.335	255	255	255
1691	26.186	255	255	255
1692	0.616	255	255	255
1693	0.308	255	255	255
1694	2.670	255	255	255
1695	0.719	255	255	255
1696	1.540	255	255	255
1697	0.205	255	255	255
1698	2.875	255	255	255
1699	4.929	255	255	255
1700	1.335	255	255	255
1701	3.491	255	255	255
1702	0.308	255	255	255
1703	2834.258	255	255	255
1704	5.751	255	255	255
1705	7.086	255	255	255
1706	144.794	255	255	255
1707	0.411	255	255	255
1708	5.956	255	255	255
1709	5.853	255	255	255
1710	0.205	255	255	255
1711	25.673	255	255	255
1712	0.513	255	255	255
1713	0.513	255	255	255
1714	1.540	255	255	255
1715	4.005	255	255	255
1716	0.205	255	255	255
1717	0.822	255	255	255
1718	0.205	255	255	255
1719	13.452	255	255	255
1720	2.670	255	255	255
1721	1.232	255	255	255
1722	0.822	255	255	255
1723	1.746	255	255	255
1724	2.875	255	255	255
1725	1.438	255	255	255
1726	0.513	255	255	255
1727	0.411	255	255	255
1728	1.232	255	255	255
1729	0.822	255	255	255
1730	0.205	255	255	255
1731	1.232	255	255	255
1732	0.308	255	255	255
1733	0.822	255	255	255
1734	0.308	255	255	255
1735	0.513	255	255	255
1736	0.205	255	255	255
1737	3.183	255	255	255
1738	3.800	255	255	255
1739	2.875	255	255	255
1740	0.513	255	255	255
1741	7.291	255	255	255
1742	0.205	255	255	255
1743	6.059	255	255	255
1744	2.978	255	255	255
1745	0.103	255	255	255
1746	0.924	255	255	255
1747	0.103	255	255	255
1748	0.103	255	255	255
1749	0.103	255	255	255
1750	0.308	255	255	255
1751	25.570	255	255	255
1752	4.005	255	255	255
1753	0.513	255	255	255
1754	1.540	255	255	255
1755	0.616	255	255	255
1756	3.389	255	255	255
1757	0.411	255	255	255
1758	1.232	255	255	255
1759	8.831	255	255	255
1760	13.863	255	255	255
1761	1.130	255	255	255
1762	0.616	255	255	255
1763	6.675	255	255	255
1764	0.103	255	255	255
1765	2.259	255	255	255
1766	0.103	255	255	255
1767	222.428	255	255	255
1768	0.205	255	255	255
1769	0.411	255	255	255
1770	0.924	255	255	255
1771	0.103	255	255	255
1772	6.470	255	255	255
1773	2.259	255	255	255
1774	0.513	255	255	255
1775	2.978	255	255	255
1776	14.069	255	255	255
1777	0.411	255	255	255
1778	19.511	255	255	255
1779	5.135	255	255	255
1780	1.335	255	255	255
1781	6.367	255	255	255
1782	0.719	255	255	255
1783	1.232	255	255	255
1784	1.335	255	255	255
1785	6.161	255	255	255
1786	6.161	255	255	255
1787	0.103	255	255	255
1788	0.719	255	255	255
1789	0.719	255	255	255
1790	0.411	255	255	255
1791	5.032	255	255	255
1792	9.550	255	255	255
1793	0.411	255	255	255
1794	0.205	255	255	255
1795	5.853	255	255	255
1796	0.513	255	255	255
1797	0.411	255	255	255
1798	0.719	255	255	255
1799	1.848	255	255	255
1800	0.308	255	255	255
1801	0.616	255	255	255
1802	0.205	255	255	255
1803	2.259	255	255	255
1804	2.465	255	255	255
1805	0.719	255	255	255
1806	0.103	255	255	255
1807	37.893	255	255	255
1808	0.308	255	255	255
1809	2.362	255	255	255
1810	9.139	255	255	255
1811	6.059	255	255	255
1812	0.719	255	255	255
1813	0.616	255	255	255
1814	33.272	255	255	255
1815	1.335	255	255	255
1816	2.567	255	255	255
1817	0.411	255	255	255
1818	0.103	255	255	255
1819	1.335	255	255	255
1820	32.245	255	255	255
1821	1.643	255	255	255
1822	0.308	255	255	255
1823	3.081	255	255	255
1824	10.577	255	255	255
1825	0.719	255	255	255
1826	2.670	255	255	255
1827	7.804	255	255	255
1828	0.103	255	255	255
1829	2.465	255	255	255
1830	0.103	255	255	255
1831	0.205	255	255	255
1832	2.875	255	255	255
1833	1.027	255	255	255
1834	21.257	255	255	255
1835	7.702	255	255	255
1836	41.179	255	255	255
1837	1.130	255	255	255
1838	13.144	255	255	255
1839	3.081	255	255	255
1840	0.616	255	255	255
1841	1.848	255	255	255
1842	0.103	255	255	255
1843	58.534	255	255	255
1844	3.697	255	255	255
1845	13.452	255	255	255
1846	0.822	255	255	255
1847	1.438	255	255	255
1848	10.783	255	255	255
1849	0.924	255	255	255
1850	1.027	255	255	255
1851	0.719	255	255	255
1852	5.340	255	255	255
1853	1.540	255	255	255
1854	1.746	255	255	255
1855	35.223	255	255	255
1856	57.507	255	255	255
1857	6.367	255	255	255
1858	0.411	255	255	255
1859	1.438	255	255	255
1860	0.103	255	255	255
1861	16.841	255	255	255
1862	3.491	255	255	255
1863	1.232	255	255	255
1864	33.477	255	255	255
1865	1.643	255	255	255
1866	1.335	255	255	255
1867	3.081	255	255	255
1868	12.220	255	255	255
1869	0.205	255	255	255
1870	0.205	255	255	255
1871	4.313	255	255	255
1872	8.729	255	255	255
1873	0.513	255	255	255
1874	13.452	255	255	255
1875	1.643	255	255	255
1876	0.822	255	255	255
1877	0.719	255	255	255
1878	1.232	255	255	255
1879	24.851	255	255	255
1880	0.924	255	255	255
1881	1.130	255	255	255
1882	0.719	255	255	255
1883	1.951	255	255	255
1884	0.411	255	255	255
1885	9.345	255	255	255
1886	1.130	255	255	255
1887	2.362	255	255	255
1888	1.027	255	255	255
1889	13.966	255	255	255
1890	64.079	255	255	255
1891	0.513	255	255	255
1892	4.005	255	255	255
1893	0.308	255	255	255
1894	0.308	255	255	255
1895	4.518	255	255	255
1896	25.673	255	255	255
1897	1.232	255	255	255
1898	4.826	255	255	255
1899	8.318	255	255	255
1900	2.978	255	255	255
1901	7.907	255	255	255
1902	0.308	255	255	255
1903	14.582	255	255	255
1904	0.513	255	255	255
1905	0.411	255	255	255
1906	0.411	255	255	255
1907	13.247	255	255	255
1908	11.707	255	255	255
1909	37.995	255	255	255
1910	3.594	255	255	255
1911	4.724	255	255	255
1912	3.697	255	255	255
1913	2.773	255	255	255
1914	3.286	255	255	255
1915	34.812	255	255	255
1916	10.372	255	255	255
1917	11.399	255	255	255
1918	9.037	255	255	255
1919	9.345	255	255	255
1920	4.724	255	255	255
1921	0.924	255	255	255
1922	0.616	255	255	255
1923	24.543	255	255	255
1924	42.411	255	255	255
1925	0.205	255	255	255
1926	18.484	255	255	255
1927	0.513	255	255	255
1928	11.399	255	255	255
1929	4.929	255	255	255
1930	0.103	255	255	255
1931	5.545	255	255	255
1932	0.103	255	255	255
1933	0.103	255	255	255
1934	0.822	255	255	255
1935	8.421	255	255	255
1936	3.389	255	255	255
1937	0.308	255	255	255
1938	6.778	255	255	255
1939	1.951	255	255	255
1940	0.616	255	255	255
1941	1.540	255	255	255
1942	118.710	255	255	255
1943	1.438	255	255	255
1944	1.335	255	255	255
1945	4.929	255	255	255
1946	1.848	255	255	255
1947	3.183	255	255	255
1948	0.308	255	255	255
1949	2.465	255	255	255
1950	2.054	255	255	255
1951	0.411	255	255	255
1952	4.826	255	255	255
1953	1.130	255	255	255
1954	0.205	255	255	255
1955	1.746	255	255	255
1956	0.411	255	255	255
1957	18.792	255	255	255
1958	1.232	255	255	255
1959	0.411	255	255	255
1960	0.513	255	255	255
1961	0.103	255	255	255
1962	6.675	255	255	255
1963	4.210	255	255	255
1964	0.205	255	255	255
1965	0.205	255	255	255
1966	2.465	255	255	255
1967	5.340	255	255	255
1968	0.103	255	255	255
1969	0.411	255	255	255
1970	2.875	255	255	255
1971	5.237	255	255	255
1972	0.205	255	255	255
1973	2.362	255	255	255
1974	0.205	255	255	255
1975	26.391	255	255	255
1976	0.616	255	255	255
1977	0.308	255	255	255
1978	24.851	255	255	255
1979	0.924	255	255	255
1980	4.518	255	255	255
1981	23.003	255	255	255
1982	27.624	255	255	255
1983	26.597	255	255	255
1984	0.103	255	255	255
1985	0.103	255	255	255
1986	0.308	255	255	255
1987	2.773	255	255	255
1988	4.005	255	255	255
1989	0.719	255	255	255
1990	0.205	255	255	255
1991	0.103	255	255	255
1992	7.907	255	255	255
1993	7.907	255	255	255
1994	0.205	255	255	255
1995	59.355	255	255	255
1996	0.719	255	255	255
1997	2.259	255	255	255
1998	322.859	255	255	255
1999	0.411	255	255	255
2000	1631.855	255	255	255
2001	0.308	255	255	255
2002	0.103	255	255	255
2003	4.210	255	255	255
2004	4.621	255	255	255
2005	0.719	255	255	255
2006	0.719	255	255	255
2007	1.027	255	255	255
2008	24.338	255	255	255
2009	10.783	255	255	255
2010	18.382	255	255	255
2011	4.518	255	255	255
2012	0.103	255	255	255
2013	3.389	255	255	255
2014	8.831	255	255	255
2015	0.205	255	255	255
2016	2.157	255	255	255
2017	6.880	255	255	255
2018	0.411	255	255	255
2019	0.103	255	255	255
2020	8.729	255	255	255
2021	6.264	255	255	255
2022	8.523	255	255	255
2023	6.161	255	255	255
2024	32.861	255	255	255
2025	19.100	255	255	255
2026	0.308	255	255	255
2027	1.848	255	255	255
2028	5.956	255	255	255
2029	0.616	255	255	255
2030	0.411	255	255	255
2031	1.027	255	255	255
2032	12.734	255	255	255
2033	4.929	255	255	255
2034	1.130	255	255	255
2035	0.822	255	255	255
2036	0.411	255	255	255
2037	5.443	255	255	255
2038	0.205	255	255	255
2039	0.411	255	255	255
2040	0.411	255	255	255
2041	0.308	255	255	255
2042	0.616	255	255	255
2043	0.411	255	255	255
2044	2.054	255	255	255
2045	2.465	255	255	255
2046	0.308	255	255	255
2047	23.413	255	255	255
2048	12.323	255	255	255
2049	4.724	255	255	255
2050	0.411	255	255	255
2051	12.220	255	255	255
2052	8.010	255	255	255
2053	5.032	255	255	255
2054	20.435	255	255	255
2055	0.103	255	255	255
2056	4.416	255	255	255
2057	17.868	255	255	255
2058	3.594	255	255	255
2059	58.020	255	255	255
2060	657.630	255	255	255
2061	1.130	255	255	255
2062	1.540	255	255	255
2063	3.389	255	255	255
2064	23.619	255	255	255
2065	3.491	255	255	255
2066	0.616	255	255	255
2067	36.455	255	255	255
2068	10.680	255	255	255
2069	18.792	255	255	255
2070	37.893	255	255	255
2071	4.518	255	255	255
2072	0.103	255	255	255
2073	2.978	255	255	255
2074	0.719	255	255	255
2075	24.030	255	255	255
2076	0.103	255	255	255
2077	0.616	255	255	255
2078	13.247	255	255	255
2079	0.205	255	255	255
2080	9.242	255	255	255
2081	8.523	255	255	255
2082	0.616	255	255	255
2083	0.103	255	255	255
2084	0.205	255	255	255
2085	21.770	255	255	255
2086	9.858	255	255	255
2087	0.822	255	255	255
2088	2.054	255	255	255
2089	3.491	255	255	255
2090	2.054	255	255	255
2091	0.411	255	255	255
2092	0.719	255	255	255
2093	0.103	255	255	255
2094	5.237	255	255	255
2095	26.494	255	255	255
2096	0.205	255	255	255
2097	1.746	255	255	255
2098	1.643	255	255	255
2099	0.411	255	255	255
2100	12.939	255	255	255
2101	18.176	255	255	255
2102	4.621	255	255	255
2103	7.291	255	255	255
2104	0.924	255	255	255
2105	0.822	255	255	255
2106	0.205	255	255	255
2107	39.844	255	255	255
2108	0.513	255	255	255
2109	0.205	255	255	255
2110	8.729	255	255	255
2111	3.697	255	255	255
2112	4.826	255	255	255
2113	20.333	255	255	255
2114	6.059	255	255	255
2115	9.448	255	255	255
2116	4.518	255	255	255
2117	0.205	255	255	255
2118	3.389	255	255	255
2119	0.205	255	255	255
2120	0.719	255	255	255
2121	0.822	255	255	255
2122	46.519	255	255	255
2123	0.103	255	255	255
2124	16.328	255	255	255
2125	3.800	255	255	255
2126	127.644	255	255	255
2127	32.450	255	255	255
2128	0.616	255	255	255
2129	6.059	255	255	255
2130	3.800	255	255	255
2131	8.318	255	255	255
2132	22.592	255	255	255
2133	0.103	255	255	255
2134	19.409	255	255	255
2135	0.616	255	255	255
2136	0.411	255	255	255
2137	7.702	255	255	255
2138	0.308	255	255	255
2139	6.264	255	255	255
2140	0.513	255	255	255
2141	0.616	255	255	255
2142	47.032	255	255	255
2143	0.205	255	255	255
2144	6.059	255	255	255
2145	0.308	255	255	255
2146	0.205	255	255	255
2147	5.135	255	255	255
2148	256.829	255	255	255
2149	1.951	255	255	255
2150	0.513	255	255	255
2151	2.875	255	255	255
2152	11.707	255	255	255
2153	62.436	255	255	255
2154	8.010	255	255	255
2155	0.719	255	255	255
2156	1.232	255	255	255
2157	0.308	255	255	255
2158	2.567	255	255	255
2159	0.308	255	255	255
2160	0.513	255	255	255
2161	4.929	255	255	255
2162	5.956	255	255	255
2163	65.208	255	255	255
2164	19.922	255	255	255
2165	2.567	255	255	255
2166	1.643	255	255	255
2167	1.335	255	255	255
2168	0.205	255	255	255
2169	1.232	255	255	255
2170	42.617	255	255	255
2171	1.438	255	255	255
2172	0.103	255	255	255
2173	0.719	255	255	255
2174	13.350	255	255	255
2175	3.183	255	255	255
2176	0.103	255	255	255
2177	0.205	255	255	255
2178	4.929	255	255	255
2179	24.030	255	255	255
2180	0.616	255	255	255
2181	7.702	255	255	255
2182	0.103	255	255	255
2183	0.103	255	255	255
2184	22.489	255	255	255
2185	0.513	255	255	255
2186	6.059	255	255	255
2187	0.616	255	255	255
2188	1.746	255	255	255
2189	14.069	255	255	255
2190	0.308	255	255	255
2191	2.670	255	255	255
2192	2.670	255	255	255
2193	25.775	255	255	255
2194	6.572	255	255	255
2195	5.443	255	255	255
2196	10.783	255	255	255
2197	1.438	255	255	255
2198	0.513	255	255	255
2199	8.421	255	255	255
2200	13.350	255	255	255
2201	0.616	255	255	255
2202	2.875	255	255	255
2203	1.746	255	255	255
2204	0.103	255	255	255
2205	0.205	255	255	255
2206	3.697	255	255	255
2207	5.032	255	255	255
2208	11.296	255	255	255
2209	3.697	255	255	255
2210	127.850	255	255	255
2211	53.604	255	255	255
2212	3.902	255	255	255
2213	0.103	255	255	255
2214	3.491	255	255	255
2215	0.513	255	255	255
2216	27.418	255	255	255
2217	1.746	255	255	255
2218	1.027	255	255	255
2219	1.232	255	255	255
2220	6.778	255	255	255
2221	0.924	255	255	255
2222	2.567	255	255	255
2223	1.746	255	255	255
2224	5.340	255	255	255
2225	3.594	255	255	255
2226	0.205	255	255	255
2227	0.822	255	255	255
2228	0.719	255	255	255
2229	0.205	255	255	255
2230	8.215	255	255	255
2231	0.513	255	255	255
2232	0.308	255	255	255
2233	0.924	255	255	255
2234	8.215	255	255	255
2235	1.232	255	255	255
2236	4.108	255	255	255
2237	4.005	255	255	255
2238	0.822	255	255	255
2239	9.550	255	255	255
2240	1.027	255	255	255
2241	5.032	255	255	255
2242	0.719	255	255	255
2243	10.166	255	255	255
2244	16.841	255	255	255
2245	0.205	255	255	255
2246	4.929	255	255	255
2247	0.205	255	255	255
2248	1.438	255	255	255
2249	4.621	255	255	255
2250	0.103	255	255	255
2251	1.540	255	255	255
2252	4.108	255	255	255
2253	1.746	255	255	255
2254	0.513	255	255	255
2255	1100.842	255	255	255
2256	0.308	255	255	255
2257	4.005	255	255	255
2258	1.438	255	255	255
2259	0.103	255	255	255
2260	7.907	255	255	255
2261	1.027	255	255	255
2262	4.108	255	255	255
2263	1.232	255	255	255
2264	0.513	255	255	255
2265	0.616	255	255	255
2266	136.476	255	255	255
2267	2.875	255	255	255
2268	0.411	255	255	255
2269	0.924	255	255	255
2270	2.773	255	255	255
2271	1.643	255	255	255
2272	1.746	255	255	255
2273	0.205	255	255	255
2274	1.746	255	255	255
2275	0.308	255	255	255
2276	5.340	255	255	255
2277	9.550	255	255	255
2278	1.130	255	255	255
2279	0.205	255	255	255
2280	0.513	255	255	255
2281	1.540	255	255	255
2282	2.054	255	255	255
2283	0.513	255	255	255
2284	0.308	255	255	255
2285	0.308	255	255	255
2286	0.513	255	255	255
2287	4.518	255	255	255
2288	2.157	255	255	255
2289	2.773	255	255	255
2290	5.237	255	255	255
2291	0.308	255	255	255
2292	1.130	255	255	255
2293	15.506	255	255	255
2294	0.103	255	255	255
2295	7.496	255	255	255
2296	0.924	255	255	255
2297	1.848	255	255	255
2298	24.748	255	255	255
2299	0.205	255	255	255
2300	6.470	255	255	255
2301	5.956	255	255	255
2302	0.103	255	255	255
2303	17.457	255	255	255
2304	0.205	255	255	255
2305	0.719	255	255	255
2306	0.308	255	255	255
2307	8.523	255	255	255
2308	0.103	255	255	255
2309	4.313	255	255	255
2310	0.103	255	255	255
2311	5.135	255	255	255
2312	1.335	255	255	255
2313	4.210	255	255	255
2314	12.323	255	255	255
2315	12.528	255	255	255
2316	10.269	255	255	255
2317	0.103	255	255	255
2318	0.616	255	255	255
2319	0.513	255	255	255
2320	288.971	255	255	255
2321	2.567	255	255	255
2322	3.902	255	255	255
2323	16.533	255	255	255
2324	1.232	255	255	255
2325	0.205	255	255	255
2326	2.157	255	255	255
2327	2.157	255	255	255
2328	16.328	255	255	255
2329	0.411	255	255	255
2330	3.594	255	255	255
2331	4.929	255	255	255
2332	8.010	255	255	255
2333	1.130	255	255	255
2334	40.563	255	255	255
2335	3.389	255	255	255
2336	3.594	255	255	255
2337	0.205	255	255	255
2338	2.259	255	255	255
2339	15.506	255	255	255
2340	3.594	255	255	255
2341	1.027	255	255	255
2342	3.697	255	255	255
2343	2.259	255	255	255
2344	3.389	255	255	255
2345	7.907	255	255	255
2346	2.567	255	255	255
2347	0.205	255	255	255
2348	21.257	255	255	255
2349	19.511	255	255	255
2350	141.507	255	255	255
2351	16.020	255	255	255
2352	10.166	255	255	255
2353	3.594	255	255	255
2354	0.411	255	255	255
2355	1.130	255	255	255
2356	0.308	255	255	255
2357	1.746	255	255	255
2358	40.871	255	255	255
2359	0.103	255	255	255
2360	0.103	255	255	255
2361	0.719	255	255	255
2362	1.746	255	255	255
2363	197.371	255	255	255
2364	19.717	255	255	255
2365	6.983	255	255	255
2366	7.599	255	255	255
2367	0.205	255	255	255
2368	0.205	255	255	255
2369	0.103	255	255	255
2370	0.513	255	255	255
2371	16.328	255	255	255
2372	20.846	255	255	255
2373	2.670	255	255	255
2374	3.491	255	255	255
2375	1.848	255	255	255
2376	4.416	255	255	255
2377	6.572	255	255	255
2378	1.746	255	255	255
2379	0.719	255	255	255
2380	0.513	255	255	255
2381	1.027	255	255	255
2382	1.027	255	255	255
2383	1.130	255	255	255
2384	1.643	255	255	255
2385	16.430	255	255	255
2386	1.848	255	255	255
2387	0.308	255	255	255
2388	0.719	255	255	255
2389	0.822	255	255	255
2390	0.924	255	255	255
2391	0.205	255	255	255
2392	7.291	255	255	255
2393	4.621	255	255	255
2394	9.242	255	255	255
2395	6.572	255	255	255
2396	0.411	255	255	255
2397	0.103	255	255	255
2398	0.308	255	255	255
2399	0.719	255	255	255
2400	26.905	255	255	255
2401	0.411	255	255	255
2402	2.362	255	255	255
2403	0.411	255	255	255
2404	863.422	255	255	255
2405	0.924	255	255	255
2406	0.103	255	255	255
2407	0.103	255	255	255
2408	2.157	255	255	255
2409	1.848	255	255	255
2410	2.773	255	255	255
2411	4.108	255	255	255
2412	0.308	255	255	255
2413	1.951	255	255	255
2414	1.848	255	255	255
2415	1.027	255	255	255
2416	1.027	255	255	255
2417	0.205	255	255	255
2418	0.616	255	255	255
2419	1.130	255	255	255
2420	0.205	255	255	255
2421	3.594	255	255	255
2422	6.778	255	255	255
2423	1.951	255	255	255
2424	0.822	255	255	255
2425	2.670	255	255	255
2426	1.848	255	255	255
2427	0.205	255	255	255
2428	0.205	255	255	255
2429	16.225	255	255	255
2430	1.848	255	255	255
2431	1495.174	255	255	255
2432	2.259	255	255	255
2433	24.235	255	255	255
2434	0.616	255	255	255
2435	2.362	255	255	255
2436	0.924	255	255	255
2437	0.411	255	255	255
2438	26.802	255	255	255
2439	0.411	255	255	255
2440	3.902	255	255	255
2441	5.956	255	255	255
2442	9.037	255	255	255
2443	5.751	255	255	255
2444	0.103	255	255	255
2445	23.516	255	255	255
2446	0.616	255	255	255
2447	152.701	255	255	255
2448	2.465	255	255	255
2449	0.205	255	255	255
2450	1.335	255	255	255
2451	1.335	255	255	255
2452	0.308	255	255	255
2453	34.401	255	255	255
2454	24.954	255	255	255
2455	0.924	255	255	255
2456	6.470	255	255	255
2457	0.719	255	255	255
2458	0.308	255	255	255
2459	3.594	255	255	255
2460	11.707	255	255	255
2461	19.922	255	255	255
2462	1.130	255	255	255
2463	5.956	255	255	255
2464	0.205	255	255	255
2465	0.513	255	255	255
2466	0.411	255	255	255
2467	5.135	255	255	255
2468	0.205	255	255	255
2469	1.130	255	255	255
2470	0.513	255	255	255
2471	7.702	255	255	255
2472	0.513	255	255	255
2473	1.540	255	255	255
2474	0.513	255	255	255
2475	1.643	255	255	255
2476	1.232	255	255	255
2477	0.822	255	255	255
2478	13.350	255	255	255
2479	0.616	255	255	255
2480	0.513	255	255	255
2481	2.362	255	255	255
2482	0.924	255	255	255
2483	0.411	255	255	255
2484	3.389	255	255	255
2485	0.103	255	255	255
2486	0.513	255	255	255
2487	18.176	255	255	255
2488	1.746	255	255	255
2489	4.313	255	255	255
2490	0.205	255	255	255
2491	0.103	255	255	255
2492	0.103	255	255	255
2493	0.822	255	255	255
2494	0.411	255	255	255
2495	0.719	255	255	255
2496	0.616	255	255	255
2497	0.103	255	255	255
2498	10.988	255	255	255
2499	8.626	255	255	255
2500	0.411	255	255	255
2501	3.286	255	255	255
2502	0.513	255	255	255
2503	2.054	255	255	255
2504	0.205	255	255	255
2505	0.822	255	255	255
2506	1.438	255	255	255
2507	2.978	255	255	255
2508	3.286	255	255	255
2509	34.709	255	255	255
2510	2.978	255	255	255
2511	0.411	255	255	255
2512	2.259	255	255	255
2513	0.411	255	255	255
2514	0.205	255	255	255
2515	1.027	255	255	255
2516	89.649	255	255	255
2517	0.308	255	255	255
2518	0.924	255	255	255
2519	1.746	255	255	255
2520	0.205	255	255	255
2521	0.411	255	255	255
2522	2.054	255	255	255
2523	0.411	255	255	255
2524	1.335	255	255	255
2525	6.880	255	255	255
2526	0.205	255	255	255
2527	0.103	255	255	255
2528	5.853	255	255	255
2529	0.616	255	255	255
2530	1.232	255	255	255
2531	0.411	255	255	255
2532	9.448	255	255	255
2533	0.616	255	255	255
2534	0.513	255	255	255
2535	0.308	255	255	255
2536	25.673	255	255	255
2537	2.875	255	255	255
2538	0.205	255	255	255
2539	1.643	255	255	255
2540	0.616	255	255	255
2541	6.880	255	255	255
2542	6.983	255	255	255
2543	2.054	255	255	255
2544	105.360	255	255	255
2545	5.751	255	255	255
2546	10.988	255	255	255
2547	0.103	255	255	255
2548	50.113	255	255	255
2549	1.335	255	255	255
2550	5.237	255	255	255
2551	0.103	255	255	255
2552	2.157	255	255	255
2553	6.880	255	255	255
2554	3.286	255	255	255
2555	1.130	255	255	255
2556	5.751	255	255	255
2557	1.232	255	255	255
2558	0.924	255	255	255
2559	10.269	255	255	255
2560	6.880	255	255	255
2561	0.103	255	255	255
2562	0.103	255	255	255
2563	0.205	255	255	255
2564	1.027	255	255	255
2565	1.438	255	255	255
2566	6.161	255	255	255
2567	1.438	255	255	255
2568	9.242	255	255	255
2569	3.902	255	255	255
2570	1.027	255	255	255
2571	10.885	255	255	255
2572	13.350	255	255	255
2573	7.907	255	255	255
2574	6.778	255	255	255
2575	0.616	255	255	255
2576	0.205	255	255	255
2577	331.690	255	255	255
2578	47.340	255	255	255
2579	11.604	255	255	255
2580	1.438	255	255	255
2581	0.719	255	255	255
2582	0.205	255	255	255
2583	1.027	255	255	255
2584	0.103	255	255	255
2585	13.350	255	255	255
2586	13.555	255	255	255
2587	1.438	255	255	255
2588	1.232	255	255	255
2589	132.265	255	255	255
2590	25.365	255	255	255
2591	11.399	255	255	255
2592	4.005	255	255	255
2593	13.863	255	255	255
2594	0.411	255	255	255
2595	9.858	255	255	255
2596	4.826	255	255	255
2597	13.863	255	255	255
2598	2.259	255	255	255
2599	1.232	255	255	255
2600	2.465	255	255	255
2601	5.545	255	255	255
2602	7.702	255	255	255
2603	0.513	255	255	255
2604	1.232	255	255	255
2605	0.719	255	255	255
2606	2.362	255	255	255
2607	14.171	255	255	255
2608	11.707	255	255	255
2609	1.130	255	255	255
2610	3.183	255	255	255
2611	0.103	255	255	255
2612	8.215	255	255	255
2613	2.157	255	255	255
2614	0.822	255	255	255
2615	0.513	255	255	255
2616	0.822	255	255	255
2617	10.064	255	255	255
2618	6.470	255	255	255
2619	7.907	255	255	255
2620	327.583	255	255	255
2621	0.513	255	255	255
2622	2.875	255	255	255
2623	30.191	255	255	255
2624	16.636	255	255	255
2625	1.130	255	255	255
2626	25.775	255	255	255
2627	12.426	255	255	255
2628	0.308	255	255	255
2629	0.513	255	255	255
2630	78.866	255	255	255
2631	0.103	255	255	255
2632	3.081	255	255	255
2633	0.308	255	255	255
2634	2.465	255	255	255
2635	1.746	255	255	255
2636	0.205	255	255	255
2637	0.103	255	255	255
2638	0.411	255	255	255
2639	10.577	255	255	255
2640	1.232	255	255	255
2641	0.103	255	255	255
2642	6.778	255	255	255
2643	1.335	255	255	255
2644	0.616	255	255	255
2645	0.719	255	255	255
2646	4.929	255	255	255
2647	2.362	255	255	255
2648	771.719	255	255	255
2649	0.103	255	255	255
2650	0.924	255	255	255
2651	0.103	255	255	255
2652	2.567	255	255	255
2653	0.205	255	255	255
2654	4.518	255	255	255
2655	0.308	255	255	255
2656	9.139	255	255	255
2657	11.399	255	255	255
2658	0.924	255	255	255
2659	0.411	255	255	255
2660	0.308	255	255	255
2661	0.719	255	255	255
2662	2.567	255	255	255
2663	27.418	255	255	255
2664	12.323	255	255	255
2665	0.719	255	255	255
2666	1.951	255	255	255
2667	0.616	255	255	255
2668	0.513	255	255	255
2669	4.621	255	255	255
2670	0.924	255	255	255
2671	1.027	255	255	255
2672	12.323	255	255	255
2673	12.220	255	255	255
2674	4.005	255	255	255
2675	0.205	255	255	255
2676	0.616	255	255	255
2677	1.746	255	255	255
2678	5.135	255	255	255
2679	0.103	255	255	255
2680	0.924	255	255	255
2681	5.751	255	255	255
2682	0.205	255	255	255
2683	3.081	255	255	255
2684	0.513	255	255	255
2685	2.773	255	255	255
2686	7.496	255	255	255
2687	0.308	255	255	255
2688	4.826	255	255	255
2689	0.616	255	255	255
2690	8.421	255	255	255
2691	1.335	255	255	255
2692	385.500	255	255	255
2693	0.205	255	255	255
2694	3.902	255	255	255
2695	1.335	255	255	255
2696	0.103	255	255	255
2697	0.205	255	255	255
2698	0.616	255	255	255
2699	5.237	255	255	255
2700	0.205	255	255	255
2701	0.616	255	255	255
2702	1.848	255	255	255
2703	11.604	255	255	255
2704	70.343	255	255	255
2705	4.313	255	255	255
2706	3.902	255	255	255
2707	1759.293	255	255	255
2708	9.550	255	255	255
2709	6.572	255	255	255
2710	0.513	255	255	255
2711	4.826	255	255	255
2712	0.411	255	255	255
2713	0.513	255	255	255
2714	1.746	255	255	255
2715	0.205	255	255	255
2716	9.550	255	255	255
2717	678.990	255	255	255
2718	2.978	255	255	255
2719	17.149	255	255	255
2720	0.411	255	255	255
2721	3.902	255	255	255
2722	0.205	255	255	255
2723	0.411	255	255	255
2724	6.470	255	255	255
2725	10.474	255	255	255
2726	3.081	255	255	255
2727	5.237	255	255	255
2728	0.308	255	255	255
2729	0.103	255	255	255
2730	5.751	255	255	255
2731	1.232	255	255	255
2732	5.648	255	255	255
2733	1.438	255	255	255
2734	0.205	255	255	255
2735	0.411	255	255	255
2736	4.108	255	255	255
2737	6.880	255	255	255
2738	71.575	255	255	255
2739	0.513	255	255	255
2740	10.064	255	255	255
2741	0.205	255	255	255
2742	7.188	255	255	255
2743	0.308	255	255	255
2744	1.951	255	255	255
2745	0.103	255	255	255
2746	2.465	255	255	255
2747	0.103	255	255	255
2748	0.411	255	255	255
2749	21.052	255	255	255
2750	14.377	255	255	255
2751	1.130	255	255	255
2752	0.616	255	255	255
2753	3.800	255	255	255
2754	0.411	255	255	255
2755	2.875	255	255	255
2756	3.594	255	255	255
2757	0.205	255	255	255
2758	0.924	255	255	255
2759	0.411	255	255	255
2760	7.291	255	255	255
2761	4.005	255	255	255
2762	11.912	255	255	255
2763	2.054	255	255	255
2764	0.205	255	255	255
2765	0.308	255	255	255
2766	1.848	255	255	255
2767	3.594	255	255	255
2768	8.523	255	255	255
2769	12.117	255	255	255
2770	2.773	255	255	255
2771	1.438	255	255	255
2772	1.540	255	255	255
2773	0.205	255	255	255
2774	0.308	255	255	255
2775	9.242	255	255	255
2776	78.558	255	255	255
2777	0.308	255	255	255
2778	0.513	255	255	255
2779	19.100	255	255	255
2780	1.232	255	255	255
2781	3.286	255	255	255
2782	0.513	255	255	255
2783	0.205	255	255	255
2784	0.411	255	255	255
2785	0.103	255	255	255
2786	6.264	255	255	255
2787	0.205	255	255	255
2788	98.275	255	255	255
2789	4.108	255	255	255
2790	3.389	255	255	255
2791	0.924	255	255	255
2792	33.374	255	255	255
2793	7.702	255	255	255
2794	2.157	255	255	255
2795	3.491	255	255	255
2796	2.054	255	255	255
2797	0.308	255	255	255
2798	4.929	255	255	255
2799	2.875	255	255	255
2800	0.513	255	255	255
2801	8.421	255	255	255
2802	10.064	255	255	255
2803	0.103	255	255	255
2804	0.924	255	255	255
2805	0.822	255	255	255
2806	2.875	255	255	255
2807	5.443	255	255	255
2808	1.335	255	255	255
2809	1.027	255	255	255
2810	0.205	255	255	255
2811	0.205	255	255	255
2812	1.027	255	255	255
2813	1.540	255	255	255
2814	5.751	255	255	255
2815	0.308	255	255	255
2816	23.619	255	255	255
2817	1.540	255	255	255
2818	0.205	255	255	255
2819	0.103	255	255	255
2820	5.443	255	255	255
2821	3.800	255	255	255
2822	1.951	255	255	255
2823	1.540	255	255	255
2824	0.616	255	255	255
2825	1.027	255	255	255
2826	12.220	255	255	255
2827	3.697	255	255	255
2828	0.308	255	255	255
2829	0.616	255	255	255
2830	2.362	255	255	255
2831	9.858	255	255	255
2832	291.436	255	255	255
2833	5.032	255	255	255
2834	0.719	255	255	255
2835	27.213	255	255	255
2836	3.697	255	255	255
2837	0.103	255	255	255
2838	0.308	255	255	255
2839	0.205	255	255	255
2840	7.291	255	255	255
2841	0.616	255	255	255
2842	0.103	255	255	255
2843	0.103	255	255	255
2844	219.655	255	255	255
2845	8.318	255	255	255
2846	0.103	255	255	255
2847	14.993	255	255	255
2848	0.616	255	255	255
2849	419.696	255	255	255
2850	0.205	255	255	255
2851	14.377	255	255	255
2852	8.729	255	255	255
2853	2.362	255	255	255
2854	0.103	255	255	255
2855	6.572	255	255	255
2856	58.534	255	255	255
2857	0.411	255	255	255
2858	30.704	255	255	255
2859	1.232	255	255	255
2860	2.670	255	255	255
2861	1.540	255	255	255
2862	1.951	255	255	255
2863	0.205	255	255	255
2864	1.335	255	255	255
2865	2.670	255	255	255
2866	0.616	255	255	255
2867	0.822	255	255	255
2868	0.103	255	255	255
2869	9.139	255	255	255
2870	1.540	255	255	255
2871	0.205	255	255	255
2872	5.032	255	255	255
2873	7.496	255	255	255
2874	1.438	255	255	255
2875	0.513	255	255	255
2876	3.800	255	255	255
2877	0.513	255	255	255
2878	17.047	255	255	255
2879	22.695	255	255	255
2880	0.308	255	255	255
2881	0.308	255	255	255
2882	0.616	255	255	255
2883	2.567	255	255	255
2884	7.804	255	255	255
2885	1.335	255	255	255
2886	0.719	255	255	255
2887	2.978	255	255	255
2888	7.086	255	255	255
2889	4.416	255	255	255
2890	11.296	255	255	255
2891	0.205	255	255	255
2892	0.103	255	255	255
2893	2.773	255	255	255
2894	0.411	255	255	255
2895	4.621	255	255	255
2896	3.594	255	255	255
2897	0.103	255	255	255
2898	0.513	255	255	255
2899	0.205	255	255	255
2900	1.540	255	255	255
2901	6.778	255	255	255
2902	0.103	255	255	255
2903	0.103	255	255	255
2904	3.902	255	255	255
2905	6.367	255	255	255
2906	9.037	255	255	255
2907	1.027	255	255	255
2908	225.406	255	255	255
2909	0.719	255	255	255
2910	0.513	255	255	255
2911	0.616	255	255	255
2912	13.863	255	255	255
2913	0.616	255	255	255
2914	2.157	255	255	255
2915	0.822	255	255	255
2916	3.389	255	255	255
2917	3.800	255	255	255
2918	0.822	255	255	255
2919	2.670	255	255	255
2920	7.907	255	255	255
2921	48.367	255	255	255
2922	0.103	255	255	255
2923	0.103	255	255	255
2924	4.313	255	255	255
2925	31.629	255	255	255
2926	2.567	255	255	255
2927	2.465	255	255	255
2928	3.697	255	255	255
2929	2.773	255	255	255
2930	18.792	255	255	255
2931	0.103	255	255	255
2932	0.103	255	255	255
2933	0.822	255	255	255
2934	0.103	255	255	255
2935	2.670	255	255	255
2936	0.822	255	255	255
2937	0.103	255	255	255
2938	101.253	255	255	255
2939	0.822	255	255	255
2940	8.318	255	255	255
2941	0.103	255	255	255
2942	5.340	255	255	255
2943	1.027	255	255	255
2944	6.983	255	255	255
2945	3.800	255	255	255
2946	0.513	255	255	255
2947	1287.123	255	255	255
2948	1.232	255	255	255
2949	0.308	255	255	255
2950	2.567	255	255	255
2951	218.320	255	255	255
2952	157.014	255	255	255
2953	0.513	255	255	255
2954	0.513	255	255	255
2955	0.103	255	255	255
2956	2.259	255	255	255
2957	3.697	255	255	255
2958	2.157	255	255	255
2959	0.308	255	255	255
2960	3.389	255	255	255
2961	6.675	255	255	255
2962	7.804	255	255	255
2963	2.362	255	255	255
2964	1.540	255	255	255
2965	4.826	255	255	255
2966	0.205	255	255	255
2967	7.599	255	255	255
2968	11.193	255	255	255
2969	0.411	255	255	255
2970	16.225	255	255	255
2971	0.513	255	255	255
2972	2.054	255	255	255
2973	0.308	255	255	255
2974	3.697	255	255	255
2975	0.616	255	255	255
2976	6.367	255	255	255
2977	4.210	255	255	255
2978	0.411	255	255	255
2979	5.751	255	255	255
2980	13.658	255	255	255
2981	1.130	255	255	255
2982	233.210	255	255	255
2983	3.389	255	255	255
2984	6.264	255	255	255
2985	5.853	255	255	255
2986	0.513	255	255	255
2987	1.027	255	255	255
2988	1.540	255	255	255
2989	0.205	255	255	255
2990	0.513	255	255	255
2991	0.822	255	255	255
2992	3.286	255	255	255
2993	2.259	255	255	255
2994	11.809	255	255	255
2995	2.157	255	255	255
2996	20.641	255	255	255
2997	0.924	255	255	255
2998	0.719	255	255	255
2999	1.027	255	255	255
3000	1.438	255	255	255
3001	9.653	255	255	255
3002	13.863	255	255	255
3003	3.081	255	255	255
3004	4.210	255	255	255
3005	46.621	255	255	255
3006	17.355	255	255	255
3007	24.954	255	255	255
3008	0.411	255	255	255
3009	0.103	255	255	255
3010	44.157	255	255	255
3011	0.103	255	255	255
3012	0.411	255	255	255
3013	0.205	255	255	255
3014	3.697	255	255	255
3015	1.027	255	255	255
3016	0.411	255	255	255
3017	16.020	255	255	255
3018	161.943	255	255	255
3019	10.064	255	255	255
3020	5.648	255	255	255
3021	4.621	255	255	255
3022	0.719	255	255	255
3023	4.826	255	255	255
3024	0.205	255	255	255
3025	2.054	255	255	255
3026	10.680	255	255	255
3027	0.103	255	255	255
3028	2.875	255	255	255
3029	2.259	255	255	255
3030	1.643	255	255	255
3031	1.540	255	255	255
3032	16.636	255	255	255
3033	0.719	255	255	255
3034	0.308	255	255	255
3035	23.413	255	255	255
3036	0.205	255	255	255
3037	11.809	255	255	255
3038	2.670	255	255	255
3039	0.616	255	255	255
3040	1.438	255	255	255
3041	0.411	255	255	255
3042	5.135	255	255	255
3043	8.523	255	255	255
3044	1.027	255	255	255
3045	2.465	255	255	255
3046	3.286	255	255	255
3047	0.822	255	255	255
3048	0.513	255	255	255
3049	27.418	255	255	255
3050	10.269	255	255	255
3051	1.232	255	255	255
3052	2.978	255	255	255
3053	9.756	255	255	255
3054	4.210	255	255	255
3055	1.027	255	255	255
3056	48.983	255	255	255
3057	1.130	255	255	255
3058	115.732	255	255	255
3059	0.513	255	255	255
3060	6.264	255	255	255
3061	0.411	255	255	255
3062	2.978	255	255	255
3063	0.513	255	255	255
3064	10.988	255	255	255
3065	15.506	255	255	255
3066	1.335	255	255	255
3067	16.739	255	255	255
3068	46.313	255	255	255
3069	1.746	255	255	255
3070	0.924	255	255	255
3071	21.154	255	255	255
3072	1.027	255	255	255
3073	0.103	255	255	255
3074	0.205	255	255	255
3075	18.587	255	255	255
3076	1084.104	255	255	255
3077	1.848	255	255	255
3078	0.103	255	255	255
3079	657.219	255	255	255
3080	1.951	255	255	255
3081	4.929	255	255	255
3082	0.205	255	255	255
3083	18.690	255	255	255
3084	22.284	255	255	255
3085	6.367	255	255	255
3086	0.411	255	255	255
3087	0.616	255	255	255
3088	14.582	255	255	255
3089	0.308	255	255	255
3090	5.237	255	255	255
3091	2.567	255	255	255
3092	16.841	255	255	255
3093	0.205	255	255	255
3094	2.978	255	255	255
3095	1.438	255	255	255
3096	10.885	255	255	255
3097	0.205	255	255	255
3098	1.232	255	255	255
3099	0.616	255	255	255
3100	0.924	255	255	255
3101	0.616	255	255	255
3102	0.103	255	255	255
3103	0.103	255	255	255
3104	0.719	255	255	255
3105	1.746	255	255	255
3106	12.117	255	255	255
3107	1.540	255	255	255
3108	10.064	255	255	255
3109	0.103	255	255	255
3110	0.205	255	255	255
3111	0.103	255	255	255
3112	10.166	255	255	255
3113	22.078	255	255	255
3114	14.787	255	255	255
3115	1.540	255	255	255
3116	142.637	255	255	255
3117	6.470	255	255	255
3118	0.103	255	255	255
3119	0.205	255	255	255
3120	13.658	255	255	255
3121	0.411	255	255	255
3122	22.592	255	255	255
3123	42.103	255	255	255
3124	0.411	255	255	255
3125	2.259	255	255	255
3126	33.785	255	255	255
3127	0.205	255	255	255
3128	54.631	255	255	255
3129	1.540	255	255	255
3130	0.308	255	255	255
3131	0.513	255	255	255
3132	0.719	255	255	255
3133	1.643	255	255	255
3134	0.103	255	255	255
3135	40.255	255	255	255
3136	2.978	255	255	255
3137	0.103	255	255	255
3138	1.438	255	255	255
3139	2.362	255	255	255
3140	6.161	255	255	255
3141	2.670	255	255	255
3142	0.411	255	255	255
3143	3.286	255	255	255
3144	13.042	255	255	255
3145	0.205	255	255	255
3146	10.988	255	255	255
3147	4.518	255	255	255
3148	8.318	255	255	255
3149	1.027	255	255	255
3150	2.670	255	255	255
3151	16.122	255	255	255
3152	0.205	255	255	255
3153	6.367	255	255	255
3154	4.005	255	255	255
3155	0.103	255	255	255
3156	2.259	255	255	255
3157	2.875	255	255	255
3158	16.739	255	255	255
3159	0.616	255	255	255
3160	0.411	255	255	255
3161	559.458	255	255	255
3162	6.059	255	255	255
3163	6.470	255	255	255
3164	4.313	255	255	255
3165	16.430	255	255	255
3166	2.362	255	255	255
3167	0.719	255	255	255
3168	19.511	255	255	255
3169	4.210	255	255	255
3170	0.308	255	255	255
3171	2.875	255	255	255
3172	24.646	255	255	255
3173	13.247	255	255	255
3174	8.626	255	255	255
3175	0.103	255	255	255
3176	0.103	255	255	255
3177	5.340	255	255	255
3178	0.616	255	255	255
3179	1.848	255	255	255
3180	0.103	255	255	255
3181	1.643	255	255	255
3182	5.751	255	255	255
3183	0.616	255	255	255
3184	4.005	255	255	255
3185	0.719	255	255	255
3186	0.513	255	255	255
3187	7.599	255	255	255
3188	4.724	255	255	255
3189	4.621	255	255	255
3190	10.474	255	255	255
3191	52.578	255	255	255
3192	15.917	255	255	255
3193	1.232	255	255	255
3194	59.663	255	255	255
3195	0.205	255	255	255
3196	0.205	255	255	255
3197	10.988	255	255	255
3198	4.518	255	255	255
3199	1.951	255	255	255
3200	1.848	255	255	255
3201	856.233	255	255	255
3202	3.594	255	255	255
3203	2.875	255	255	255
3204	49.291	255	255	255
3205	0.103	255	255	255
3206	0.205	255	255	255
3207	46.211	255	255	255
3208	1.951	255	255	255
3209	2.362	255	255	255
3210	0.103	255	255	255
3211	1.848	255	255	255
3212	0.205	255	255	255
3213	279.421	255	255	255
3214	10.988	255	255	255
3215	11.091	255	255	255
3216	0.205	255	255	255
3217	2.567	255	255	255
3218	4.005	255	255	255
3219	0.411	255	255	255
3220	4.518	255	255	255
3221	36.147	255	255	255
3222	0.103	255	255	255
3223	1.951	255	255	255
3224	12.220	255	255	255
3225	7.599	255	255	255
3226	0.719	255	255	255
3227	0.411	255	255	255
3228	2.773	255	255	255
3229	5.237	255	255	255
3230	0.513	255	255	255
3231	0.719	255	255	255
3232	0.205	255	255	255
3233	11.399	255	255	255
3234	0.513	255	255	255
3235	0.616	255	255	255
3236	0.924	255	255	255
3237	1.027	255	255	255
3238	46.930	255	255	255
3239	12.117	255	255	255
3240	3.081	255	255	255
3241	13.144	255	255	255
3242	2.773	255	255	255
3243	267.303	255	255	255
3244	3.902	255	255	255
3245	0.513	255	255	255
3246	31.834	255	255	255
3247	0.616	255	255	255
3248	35.531	255	255	255
3249	0.616	255	255	255
3250	1.540	255	255	255
3251	4.826	255	255	255
3252	0.205	255	255	255
3253	4.826	255	255	255
3254	8.010	255	255	255
3255	0.513	255	255	255
3256	0.205	255	255	255
3257	17.252	255	255	255
3258	8.113	255	255	255
3259	1.746	255	255	255
3260	0.103	255	255	255
3261	4.313	255	255	255
3262	0.924	255	255	255
3263	296.878	255	255	255
3264	0.308	255	255	255
3265	46.621	255	255	255
3266	2.773	255	255	255
3267	1.746	255	255	255
3268	0.205	255	255	255
3269	45.800	255	255	255
3270	1.027	255	255	255
3271	0.103	255	255	255
3272	49.394	255	255	255
3273	5.237	255	255	255
3274	0.513	255	255	255
3275	0.411	255	255	255
3276	15.301	255	255	255
3277	17.765	255	255	255
3278	3.183	255	255	255
3279	7.086	255	255	255
3280	5.340	255	255	255
3281	13.555	255	255	255
3282	0.513	255	255	255
3283	28.959	255	255	255
3284	0.924	255	255	255
3285	0.924	255	255	255
3286	38.098	255	255	255
3287	45.903	255	255	255
3288	1.848	255	255	255
3289	2.157	255	255	255
3290	1.027	255	255	255
3291	1.130	255	255	255
3292	0.822	255	255	255
3293	0.513	255	255	255
3294	15.096	255	255	255
3295	5.853	255	255	255
3296	11.707	255	255	255
3297	9.653	255	255	255
3298	18.074	255	255	255
3299	3.800	255	255	255
3300	0.616	255	255	255
3301	1.438	255	255	255
3302	17.560	255	255	255
3303	10.988	255	255	255
3304	0.205	255	255	255
3305	161.943	255	255	255
3306	18.074	255	255	255
3307	0.616	255	255	255
3308	0.616	255	255	255
3309	3.800	255	255	255
3310	5.648	255	255	255
3311	6.161	255	255	255
3312	10.064	255	255	255
3313	0.616	255	255	255
3314	17.252	255	255	255
3315	7.394	255	255	255
3316	1.335	255	255	255
3317	3.389	255	255	255
3318	3.902	255	255	255
3319	230.129	255	255	255
3320	0.513	255	255	255
3321	10.372	255	255	255
3322	1.848	255	255	255
3323	0.103	255	255	255
3324	19.717	255	255	255
3325	3.800	255	255	255
3326	72.499	255	255	255
3327	0.616	255	255	255
3328	0.411	255	255	255
3329	0.719	255	255	255
3330	0.616	255	255	255
3331	862.806	255	255	255
3332	0.308	255	255	255
3333	1.746	255	255	255
3334	0.205	255	255	255
3335	1.438	255	255	255
3336	0.205	255	255	255
3337	1.130	255	255	255
3338	6.880	255	255	255
3339	38.406	255	255	255
3340	0.411	255	255	255
3341	6.572	255	255	255
3342	2.670	255	255	255
3343	0.513	255	255	255
3344	41.487	255	255	255
3345	0.411	255	255	255
3346	2.567	255	255	255
3347	0.513	255	255	255
3348	0.513	255	255	255
3349	3.902	255	255	255
3350	7.702	255	255	255
3351	1.438	255	255	255
3352	0.513	255	255	255
3353	7.804	255	255	255
3354	11.501	255	255	255
3355	1.540	255	255	255
3356	1.951	255	255	255
3357	10.885	255	255	255
3358	0.103	255	255	255
3359	218.525	255	255	255
3360	18.074	255	255	255
3361	0.616	255	255	255
3362	2.978	255	255	255
3363	0.411	255	255	255
3364	3.183	255	255	255
3365	5.648	255	255	255
3366	0.719	255	255	255
3367	2.054	255	255	255
3368	0.103	255	255	255
3369	136.784	255	255	255
3370	1.643	255	255	255
3371	2.259	255	255	255
3372	0.513	255	255	255
3373	1905.319	255	255	255
3374	11.501	255	255	255
3375	1.232	255	255	255
3376	0.103	255	255	255
3377	0.924	255	255	255
3378	0.308	255	255	255
3379	6.675	255	255	255
3380	2.362	255	255	255
3381	41.692	255	255	255
3382	0.719	255	255	255
3383	2.670	255	255	255
3384	0.616	255	255	255
3385	17.560	255	255	255
3386	3.081	255	255	255
3387	1.746	255	255	255
3388	2.875	255	255	255
3389	2.054	255	255	255
3390	0.411	255	255	255
3391	33.888	255	255	255
3392	9.550	255	255	255
3393	0.103	255	255	255
3394	0.924	255	255	255
3395	8.729	255	255	255
3396	0.308	255	255	255
3397	1.232	255	255	255
3398	3.491	255	255	255
3399	9.653	255	255	255
3400	0.924	255	255	255
3401	43.746	255	255	255
3402	0.103	255	255	255
3403	2.157	255	255	255
3404	3.902	255	255	255
3405	7.804	255	255	255
3406	0.103	255	255	255
3407	2.670	255	255	255
3408	1.027	255	255	255
3409	0.205	255	255	255
3410	0.924	255	255	255
3411	25.159	255	255	255
3412	2.773	255	255	255
3413	0.103	255	255	255
3414	0.616	255	255	255
3415	1.951	255	255	255
3416	4.518	255	255	255
3417	0.103	255	255	255
3418	1.335	255	255	255
3419	26.391	255	255	255
3420	7.702	255	255	255
3421	2.567	255	255	255
3422	11.091	255	255	255
3423	1.951	255	255	255
3424	0.513	255	255	255
3425	6.470	255	255	255
3426	0.513	255	255	255
3427	0.103	255	255	255
3428	0.616	255	255	255
3429	2.157	255	255	255
3430	208.359	255	255	255
3431	3.697	255	255	255
3432	0.103	255	255	255
3433	12.836	255	255	255
3434	245.020	255	255	255
3435	79.174	255	255	255
3436	12.426	255	255	255
3437	1.951	255	255	255
3438	1.746	255	255	255
3439	0.205	255	255	255
3440	10.885	255	255	255
3441	0.205	255	255	255
3442	0.103	255	255	255
3443	11.091	255	255	255
3444	10.783	255	255	255
3445	333.333	255	255	255
3446	1.438	255	255	255
3447	0.616	255	255	255
3448	0.205	255	255	255
3449	211.029	255	255	255
3450	1.643	255	255	255
3451	0.719	255	255	255
3452	5.032	255	255	255
3453	0.103	255	255	255
3454	0.411	255	255	255
3455	3.183	255	255	255
3456	39.741	255	255	255
3457	0.513	255	255	255
3458	1.027	255	255	255
3459	0.513	255	255	255
3460	8.626	255	255	255
3461	3.286	255	255	255
3462	7.188	255	255	255
3463	0.924	255	255	255
3464	3.183	255	255	255
3465	3.800	255	255	255
3466	8.626	255	255	255
3467	13.247	255	255	255
3468	0.822	255	255	255
3469	56.993	255	255	255
3470	2.362	255	255	255
3471	16.533	255	255	255
3472	0.205	255	255	255
3473	2.259	255	255	255
3474	0.513	255	255	255
3475	0.103	255	255	255
3476	9.653	255	255	255
3477	14.787	255	255	255
3478	12.426	255	255	255
3479	0.513	255	255	255
3480	6.470	255	255	255
3481	0.513	255	255	255
3482	2.567	255	255	255
3483	1.951	255	255	255
3484	3.491	255	255	255
3485	1.848	255	255	255
3486	5.545	255	255	255
3487	4.108	255	255	255
3488	0.616	255	255	255
3489	2.362	255	255	255
3490	8.421	255	255	255
3491	15.609	255	255	255
3492	0.616	255	255	255
3493	0.205	255	255	255
3494	0.719	255	255	255
3495	138.324	255	255	255
3496	0.822	255	255	255
3497	6.264	255	255	255
3498	3.800	255	255	255
3499	99.302	255	255	255
3500	5.648	255	255	255
3501	0.205	255	255	255
3502	1.951	255	255	255
3503	43.541	255	255	255
3504	0.103	255	255	255
3505	1.027	255	255	255
3506	0.822	255	255	255
3507	20.846	255	255	255
3508	3.697	255	255	255
3509	4.108	255	255	255
3510	0.719	255	255	255
3511	0.103	255	255	255
3512	1.848	255	255	255
3513	6.264	255	255	255
3514	0.308	255	255	255
3515	23.516	255	255	255
3516	0.205	255	255	255
3517	0.103	255	255	255
3518	4.210	255	255	255
3519	0.719	255	255	255
3520	4.724	255	255	255
3521	0.308	255	255	255
3522	1.746	255	255	255
3523	1.027	255	255	255
3524	25.467	255	255	255
3525	0.205	255	255	255
3526	0.411	255	255	255
3527	15.404	255	255	255
3528	0.616	255	255	255
3529	0.924	255	255	255
3530	2.978	255	255	255
3531	3.081	255	255	255
3532	0.103	255	255	255
3533	3.697	255	255	255
3534	0.103	255	255	255
3535	7.496	255	255	255
3536	0.308	255	255	255
3537	3.183	255	255	255
3538	1.027	255	255	255
3539	0.411	255	255	255
3540	11.501	255	255	255
3541	1.746	255	255	255
3542	0.513	255	255	255
3543	16.944	255	255	255
3544	27.316	255	255	255
3545	8.626	255	255	255
3546	3.389	255	255	255
3547	0.308	255	255	255
3548	3.389	255	255	255
3549	15.506	255	255	255
3550	20.743	255	255	255
3551	2.157	255	255	255
3552	12.015	255	255	255
3553	2.875	255	255	255
3554	14.787	255	255	255
3555	6.880	255	255	255
3556	11.501	255	255	255
3557	4.724	255	255	255
3558	0.103	255	255	255
3559	2.773	255	255	255
3560	3.081	255	255	255
3561	1.232	255	255	255
3562	4.005	255	255	255
3563	2.259	255	255	255
3564	0.308	255	255	255
3565	4.108	255	255	255
3566	1.027	255	255	255
3567	0.103	255	255	255
3568	0.411	255	255	255
3569	0.103	255	255	255
3570	0.103	255	255	255
3571	0.308	255	255	255
3572	0.205	255	255	255
3573	2.465	255	255	255
3574	28.548	255	255	255
3575	36.352	255	255	255
3576	31.629	255	255	255
3577	22.078	255	255	255
3578	23.824	255	255	255
3579	21.668	255	255	255
3580	30.088	255	255	255
3581	29.575	255	255	255
3582	46.827	255	255	255
3583	31.526	255	255	255
3584	18.074	255	255	255
3585	6.161	255	255	255
3586	397.618	255	255	255
3587	25.570	255	255	255
3588	34.299	255	255	255
3589	33.682	255	255	255
3590	30.704	255	255	255
3591	44.260	255	255	255
3592	71.062	255	255	255
3593	33.682	255	255	255
3594	31.937	255	255	255
3595	33.066	255	255	255
3596	32.039	255	255	255
3597	29.369	255	255	255
3598	30.602	255	255	255
3599	28.753	255	255	255
3600	40.255	255	255	255
3601	29.678	255	255	255
3602	38.612	255	255	255
3603	38.201	255	255	255
3604	38.920	255	255	255
3605	91.395	255	255	255
3606	38.920	255	255	255
3607	72.602	255	255	255
3608	41.795	255	255	255
3609	35.531	255	255	255
3610	21.462	255	255	255
3611	51.653	255	255	255
3612	43.541	255	255	255
3613	54.426	255	255	255
3614	33.991	255	255	255
3615	32.450	255	255	255
3616	39.433	255	255	255
3617	43.130	255	255	255
3618	5.032	255	255	255
3619	8.626	255	255	255
3620	8.626	255	255	255
3621	8.215	255	255	255
3622	5.340	255	255	255
3623	27.624	255	255	255
3624	30.499	255	255	255
3625	36.044	255	255	255
3626	34.401	255	255	255
3627	30.910	255	255	255
3628	30.910	255	255	255
3629	39.125	255	255	255
3630	30.704	255	255	255
3631	36.250	255	255	255
3632	39.330	255	255	255
3633	31.218	255	255	255
3634	53.399	255	255	255
3635	38.406	255	255	255
3636	38.201	255	255	255
3637	41.898	255	255	255
3638	41.692	255	255	255
3639	41.692	255	255	255
3640	41.898	255	255	255
3641	26.700	255	255	255
3642	52.886	255	255	255
3643	21.565	255	255	255
3644	21.565	255	255	255
3645	6.161	255	255	255
3646	28.753	255	255	255
3647	38.098	255	255	255
3648	59.047	255	255	255
3649	6.161	255	255	255
3650	43.952	255	255	255
3651	36.866	255	255	255
3652	27.213	255	255	255
3653	6.572	255	255	255
3654	6.161	255	255	255
3655	50.524	255	255	255
3656	37.995	255	255	255
3657	29.472	255	255	255
3658	32.245	255	255	255
3659	36.250	255	255	255
3660	38.920	255	255	255
3661	31.321	255	255	255
3662	40.357	255	255	255
3663	44.260	255	255	255
3664	30.602	255	255	255
3665	32.039	255	255	255
3666	40.871	255	255	255
3667	40.255	255	255	255
3668	35.223	255	255	255
3669	33.785	255	255	255
3670	5.443	255	255	255
3671	5.853	255	255	255
3672	7.804	255	255	255
3673	14.890	255	255	255
3674	8.113	255	255	255
3675	6.161	255	255	255
3676	5.340	255	255	255
3677	5.648	255	255	255
3678	7.804	255	255	255
3679	139.351	255	255	255
3680	44.362	255	255	255
3681	72.089	255	255	255
3682	30.396	255	255	255
3683	39.947	255	255	255
3684	43.438	255	255	255
3685	42.000	255	255	255
3686	40.871	255	255	255
3687	53.707	255	255	255
3688	47.546	255	255	255
3689	36.352	255	255	255
3690	26.289	255	255	255
